Gene	CADD_weighted_avg_AF	avg_AF	avg_CADD_PHRED	max_CADD_PHRED	sum_CADD_PHRED	HFI	LoH
AAK1	0.8594795703600445	0.7613453276047262	12.948000192642212	18.510000228881836	25.896000385284424	0.0	0.0
ABCA12	1.0	1.0	0.18550000339746475	0.26100000739097595	0.3710000067949295	0.0	0.0
ABCB11	0.9986130080558953	0.6923076923076923	9.09549980983138	18.149999618530273	18.19099961966276	0.0	0.0
ABCB6	0.5376344086021505	0.5376344086021505	2.819000005722046	2.819000005722046	2.819000005722046	0.0	0.0
ABCG8	0.5276248189490585	0.7176470588235294	9.085499882698059	15.199999809265137	18.170999765396118	0.0	0.0
ACKR3	0.46564885496183206	0.46564885496183206	5.441999912261963	5.441999912261963	5.441999912261963	0.0	0.0
ACP1	0.5	0.5	7.3379998207092285	7.3379998207092285	7.3379998207092285	0.0	0.0
ACSL3	0.4	0.4	9.574000358581543	9.574000358581543	9.574000358581543	0.0	0.0
ACTG2	0.5538461538461539	0.5538461538461539	11.859999656677246	11.859999656677246	11.859999656677246	0.0	0.0
ACTR1B	1.0	1.0	0.03700000047683716	0.03700000047683716	0.03700000047683716	0.0	0.0
ACVR1	1.0	1.0	3.585499942302704	6.053999900817871	7.170999884605408	0.0	0.0
ACVR1C	0.6652346234258653	0.7589285714285714	12.54450011253357	17.420000076293945	25.08900022506714	0.0	0.0
ACVR2A	0.5614035087719298	0.5614035087719298	12.220000267028809	12.220000267028809	12.220000267028809	0.0	0.0
ACYP2	0.5161290322580645	0.5161290322580645	33.0	33.0	33.0	0.0	1.0
ADAM17	0.4714285714285714	0.4714285714285714	1.9079999923706055	1.9079999923706055	1.9079999923706055	0.0	0.0
ADCY3	1.0	1.0	5.249250091612339	14.020000457763672	20.997000366449356	0.0	0.0
ADGRF3	1.0	1.0	10.647500038146973	16.420000076293945	21.295000076293945	0.0	0.0
ADRA2B	0.6472186084800067	0.7096591826845421	0.057500001043081284	0.07100000232458115	0.11500000208616257	0.0	0.0
AGAP1	0.7381398922675267	0.6792275082430522	8.075666745503744	10.75	24.22700023651123	0.0	0.0
AGFG1	0.5039370078740157	0.5039370078740157	0.5040000081062317	0.5040000081062317	0.5040000081062317	0.0	0.0
AGXT	0.4958455906220964	0.4868083214539907	9.789333403110504	24.100000381469727	29.368000209331512	0.0	0.0
ALK	0.8320005532937509	0.823900694298338	3.93383325325946	7.974999904632568	23.60299951955676	0.0	0.0
ALLC	0.3235294117647059	0.3235294117647059	0.10100000351667404	0.10100000351667404	0.10100000351667404	0.0	0.0
ALMS1	0.8081735812503477	0.9562130177514793	4.106461486188122	17.989999771118164	53.38399932044558	0.0	0.0
ALPG	0.35454545454545455	0.35454545454545455	0.3580000102519989	0.3580000102519989	0.3580000102519989	0.0	0.0
ALPP	0.46441947565543074	0.46441947565543074	0.16300000250339508	0.16300000250339508	0.16300000250339508	0.0	0.0
ALS2	0.4575389611204468	0.8080808080808081	1.6196666872128844	4.578000068664551	4.859000061638653	0.0	0.0
AMER3	1.0	1.0	0.5640000104904175	0.5640000104904175	0.5640000104904175	0.0	0.0
ANAPC1	0.6093467822692343	0.6574074074074074	9.331000328063965	10.640000343322754	18.66200065612793	0.0	0.0
ANKAR	1.0	1.0	3.3530000438913703	6.683000087738037	6.706000087782741	0.0	0.0
ANKMY1	0.5207753466945456	0.47977850816076995	14.607667048151294	22.100000381469727	43.82300114445388	0.0	1.0
ANKRD36	0.557132957816102	0.7278591620893818	6.171800047283371	22.600000381469727	92.57700070925057	0.0	0.0
ANKRD36B	1.0	1.0	3.168249912559986	10.029999732971191	12.672999650239944	0.0	0.0
ANKRD36C	0.5928955419300072	0.5545826734498532	6.667125089559704	19.739999771118164	53.33700071647763	0.0	0.0
ANKRD44	0.46938775510204084	0.46938775510204084	7.406000137329102	7.406000137329102	7.406000137329102	0.0	0.0
ANKRD53	0.5611510791366906	0.5611510791366906	1.5750000476837158	1.5750000476837158	1.5750000476837158	0.0	0.0
ANKZF1	0.4827586206896552	0.4827586206896552	3.799999952316284	3.799999952316284	3.799999952316284	0.0	0.0
ANO7	0.8974506179876696	0.9245283018867925	5.619750088080764	7.742000102996826	22.479000352323055	0.0	0.0
ANTXR1	0.4358974358974359	0.4358974358974359	6.8460001945495605	6.8460001945495605	6.8460001945495605	0.0	0.0
APOB	0.7296434853448752	0.8340528317401583	11.455000205586353	26.700000762939453	68.73000123351812	0.0	0.0
AQP12A	0.4459546594054094	0.4277037436761991	8.784800243377685	24.200000762939453	43.92400121688843	0.0	0.0
AQP12B	0.4003927668532743	0.6738588340289261	7.943333466847737	21.600000381469727	23.830000400543213	0.0	0.0
ARHGAP15	0.53125	0.53125	6.61899995803833	6.61899995803833	6.61899995803833	0.0	0.0
ARHGAP25	1.0	1.0	0.008999999612569809	0.008999999612569809	0.008999999612569809	0.0	0.0
ARHGEF33	1.0	1.0	16.704999923706055	19.93000030517578	33.40999984741211	0.0	0.0
ARHGEF4	1.0	1.0	2.329666684071223	5.538000106811523	13.978000104427338	0.0	0.0
ARMC9	0.9492958153678189	0.7808075117370892	11.142800164222717	23.5	55.714000821113586	0.0	0.0
ASAP2	0.517105019396577	0.7421875	6.081000179052353	11.390000343322754	12.162000358104706	0.0	0.0
ASB1	0.4759117912945734	0.4707885304659498	4.571333408355713	6.333000183105469	13.714000225067139	0.0	0.0
ASB18	0.5097301766644169	0.5069444444444444	13.881500244140625	19.450000762939453	27.76300048828125	0.0	0.0
ASIC4	0.5959148679789716	0.6330929487179487	8.336999972661337	15.029999732971191	25.01099991798401	0.0	0.0
ASNSD1	1.0	1.0	6.859000205993652	6.859000205993652	6.859000205993652	0.0	0.0
ASPRV1	0.5474586993413758	0.5069955098587884	4.617499858140945	8.845999717712402	9.23499971628189	0.0	0.0
ASTL	0.5660377358490566	0.5660377358490566	2.3589999675750732	2.3589999675750732	2.3589999675750732	0.0	0.0
ATG16L1	1.0	1.0	0.6230000257492065	0.6230000257492065	0.6230000257492065	0.0	0.0
ATG4B	0.9982437143053221	0.7454545454545455	7.681500209495425	15.3100004196167	15.36300041899085	0.0	0.0
ATG9A	0.4037352385494724	0.6991869918699187	6.452499981969595	12.789999961853027	12.90499996393919	0.0	0.0
ATIC	0.5102040816326531	0.5102040816326531	23.5	23.5	23.5	0.0	0.0
ATL2	0.8346305698946379	0.7659574468085106	14.364999771118164	18.579999923706055	28.729999542236328	0.0	0.0
ATOH8	0.7166773075135906	0.7311447811447811	25.300000190734863	26.700000762939453	50.60000038146973	0.0	0.0
ATP6V1B1	0.559322033898305	0.559322033898305	22.700000762939453	22.700000762939453	22.700000762939453	0.0	0.0
ATP6V1C2	1.0	1.0	20.600000381469727	20.600000381469727	20.600000381469727	0.0	0.0
ATRAID	1.0	1.0	2.8369998931884766	2.8369998931884766	2.8369998931884766	0.0	0.0
BABAM2	0.3548387096774194	0.3548387096774194	6.921999931335449	6.921999931335449	6.921999931335449	0.0	0.0
BARD1	1.0	1.0	4.776999946450815	15.739999771118164	19.10799978580326	0.0	0.0
BAZ2B	0.4356516346976719	0.43967013888888884	20.41499972343445	24.600000381469727	81.6599988937378	0.0	0.0
BCL2L11	1.0	1.0	1.6349999904632568	1.6349999904632568	1.6349999904632568	0.0	0.0
BIRC6	0.8133617592267871	0.7596283783783784	6.837500179186463	16.6200008392334	27.350000716745853	0.0	0.0
BMPR2	0.5	0.5	6.789999961853027	6.789999961853027	6.789999961853027	0.0	0.0
C1GALT1C1L	0.5290640239726051	0.5410371753522323	4.736999988555908	5.828000068664551	9.473999977111816	0.0	0.0
C1QL2	1.0	1.0	9.847999572753906	9.847999572753906	9.847999572753906	0.0	0.0
C2CD6	0.9990138067027781	0.7435897435897436	0.780000004141281	1.378000020980835	2.340000012423843	0.0	0.0
C2orf16	0.9999144401476975	0.998984771573604	7.43980009406805	15.539999961853027	37.19900047034025	0.0	0.0
C2orf72	0.2	0.2	8.005999565124512	8.005999565124512	8.005999565124512	0.0	0.0
C2orf73	0.7061469211471307	0.6145104008117707	13.168999830881754	18.989999771118164	39.506999492645264	0.0	0.0
C2orf74	1.0	1.0	22.799999237060547	22.799999237060547	22.799999237060547	0.0	0.0
C2orf76	0.3125	0.3125	12.869999885559082	12.869999885559082	12.869999885559082	0.0	0.0
C2orf80	1.0	1.0	14.865499496459961	20.299999237060547	29.730998992919922	0.0	0.0
C2orf83	0.4097408188351279	0.41545376712328763	1.1970000267028809	1.940000057220459	2.3940000534057617	0.0	0.0
C2orf88	1.0	1.0	0.00800000037997961	0.00800000037997961	0.00800000037997961	0.0	0.0
CAPG	1.0	1.0	15.930000305175781	15.930000305175781	15.930000305175781	0.0	0.0
CAPN10	0.9998457792232205	0.9895833333333333	3.850000062957406	7.64300012588501	7.700000125914812	0.0	0.0
CAPN13	0.44972115416687225	0.7142857142857143	3.7015000879764557	7.129000186920166	7.403000175952911	0.0	0.0
CAPN14	0.4136055060352325	0.5387213651238897	8.99900016784668	24.700000762939453	44.9950008392334	0.0	0.0
CASP10	0.48445063527565196	0.5230593607305936	6.778499871492386	12.779999732971191	13.556999742984772	0.0	0.0
CASP8	0.421875	0.421875	12.6899995803833	12.6899995803833	12.6899995803833	0.0	0.0
CATIP	1.0	1.0	2.2820000648498535	2.2820000648498535	2.2820000648498535	0.0	0.0
CAVIN2	0.3972847751842752	0.40378086419753084	4.585000216960907	8.00100040435791	9.170000433921814	0.0	0.0
CCDC138	1.0	1.0	13.869999885559082	13.869999885559082	13.869999885559082	0.0	0.0
CCDC141	0.9990747431111344	0.6739130434782609	2.467000022996217	4.927000045776367	4.934000045992434	0.0	0.0
CCDC148	0.7304704895554617	0.6241679467485919	7.081999946385622	11.619999885559082	21.245999839156866	0.0	0.0
CCDC150	0.5882352941176471	0.5882352941176471	23.799999237060547	23.799999237060547	23.799999237060547	0.0	0.0
CCDC74B	0.47872326112621644	0.6121049493142516	3.4863334596157074	9.692000389099121	10.459000378847122	0.0	0.0
CCDC85A	1.0	1.0	6.322000026702881	6.322000026702881	6.322000026702881	0.0	0.0
CCDC93	1.0	1.0	12.229999542236328	12.229999542236328	12.229999542236328	0.0	0.0
CCNT2	1.0	1.0	4.807500123977661	5.89900016784668	9.615000247955322	0.0	0.0
CD207	0.5001205254957564	0.75	8.29700007638894	16.59000015258789	16.59400015277788	0.0	0.0
CD302	0.56	0.56	6.831999778747559	6.831999778747559	6.831999778747559	0.0	0.0
CD8A	1.0	1.0	9.47700023651123	9.47700023651123	9.47700023651123	0.0	0.0
CD8B	0.6555016868549279	0.6829268292682926	13.179999828338623	14.319999694824219	26.359999656677246	0.0	0.0
CDK15	0.3333333333333333	0.3333333333333333	6.236000061035156	6.236000061035156	6.236000061035156	0.0	0.0
CDK5R2	0.48936170212765956	0.48936170212765956	11.399999618530273	11.399999618530273	11.399999618530273	0.0	0.0
CEBPZ	0.6303481809897097	0.8061224489795918	1.1245000250637531	2.1440000534057617	2.2490000501275063	0.0	0.0
CEP68	0.46825396825396826	0.46825396825396826	17.389999866485596	22.0	34.77999973297119	0.0	0.0
CERKL	0.5596797882301303	0.6746987951807228	7.772000312805176	10.520000457763672	15.544000625610352	0.0	0.0
CFAP221	1.0	1.0	6.3270001776206	18.940000534057617	18.9810005328618	0.0	0.0
CFAP36	1.0	1.0	10.729999542236328	10.729999542236328	10.729999542236328	0.0	0.0
CFLAR	0.5111111111111111	0.5111111111111111	0.15700000524520874	0.15700000524520874	0.15700000524520874	0.0	0.0
CGREF1	0.48874681387440444	0.4897553523127464	7.558333237965901	9.9399995803833	22.674999713897705	0.0	0.0
CHAC2	0.4925373134328358	0.4925373134328358	33.0	33.0	33.0	1.0	0.0
CHPF	0.5808904092668401	0.6443409436225945	4.357999997834365	12.739999771118164	26.147999987006187	0.0	0.0
CHRND	1.0	1.0	0.4580000042915344	0.4580000042915344	0.4580000042915344	0.0	0.0
CHST10	0.4519230769230769	0.4519230769230769	7.815999984741211	7.815999984741211	7.815999984741211	0.0	0.0
CIAO1	0.47368421052631576	0.47368421052631576	5.953000068664551	5.953000068664551	5.953000068664551	0.0	0.0
CIB4	0.4791666666666667	0.4791666666666667	17.829999923706055	17.829999923706055	17.829999923706055	0.0	0.0
CKAP2L	0.5531195401658604	0.5375302499256096	4.425400009355508	14.380000114440918	22.12700004677754	0.0	0.0
CLASP1	0.5441176470588235	0.5441176470588235	9.604000091552734	9.604000091552734	9.604000091552734	0.0	0.0
CLEC4F	0.9849371282072384	0.7564102564102564	2.215500071644783	4.294000148773193	4.431000143289566	0.0	0.0
CLHC1	0.8531752714214498	0.6756756756756757	6.882999777793884	10.649999618530273	13.765999555587769	0.0	0.0
CLIP4	0.38095238095238093	0.38095238095238093	7.605000019073486	7.605000019073486	7.605000019073486	0.0	0.0
CMPK2	1.0	1.0	7.388000011444092	7.388000011444092	7.388000011444092	0.0	0.0
CNPPD1	1.0	1.0	5.331999778747559	5.331999778747559	5.331999778747559	0.0	0.0
CNRIP1	0.8190930830503511	0.8	12.570000171661377	13.770000457763672	25.140000343322754	0.0	0.0
CNTNAP5	1.0	1.0	1.2059999704360962	1.2059999704360962	1.2059999704360962	0.0	0.0
COL3A1	0.7001635639270702	0.6408157898032536	9.612000107765198	14.270000457763672	38.44800043106079	0.0	0.0
COL4A3	0.6195661184383244	0.6300644463238909	9.843500307140252	24.700000762939453	59.061001842841506	0.0	0.0
COL4A4	0.6081418364113753	0.5580607031121851	6.669333323836327	19.309999465942383	60.02399991452694	0.0	0.0
COL5A2	0.9592760566885399	0.8068750695294249	2.159000013768673	6.874000072479248	10.795000068843365	0.0	0.0
COL6A3	0.5255289127517699	0.49547393189790706	4.5066000539809465	16.200000762939453	45.066000539809465	0.0	0.0
COLEC11	0.44776119402985076	0.44776119402985076	1.3070000410079956	1.3070000410079956	1.3070000410079956	0.0	0.0
COMMD1	0.5357142857142857	0.5357142857142857	10.760000228881836	10.760000228881836	10.760000228881836	0.0	0.0
COPS9	0.512	0.512	0.1459999978542328	0.1459999978542328	0.1459999978542328	0.0	0.0
CPS1	0.45454545454545453	0.45454545454545453	20.5	20.5	20.5	0.0	0.0
CREG2	1.0	1.0	10.90999984741211	10.90999984741211	10.90999984741211	0.0	0.0
CRIM1	1.0	1.0	0.07900000363588333	0.07900000363588333	0.07900000363588333	0.0	0.0
CROCC2	0.44015042918540653	0.4786490195220921	2.3548000847920774	6.056000232696533	11.774000423960388	0.0	0.0
CRYGD	0.7734514615161053	0.7452830188679245	6.998999834060669	7.7729997634887695	13.997999668121338	0.0	0.0
CTDSP1	0.47692307692307695	0.47692307692307695	2.128999948501587	2.128999948501587	2.128999948501587	0.0	0.0
CTLA4	0.6304347826086957	0.6304347826086957	0.46299999952316284	0.46299999952316284	0.46299999952316284	0.0	0.0
CUL3	0.5556416916492785	0.56474175035868	14.77899980545044	21.299999237060547	29.55799961090088	0.0	0.0
CWC22	0.4412870245912323	0.43971718957136546	5.574000080426534	11.380000114440918	16.722000241279602	0.0	0.0
CYBRD1	1.0	1.0	0.12999999523162842	0.12999999523162842	0.12999999523162842	0.0	0.0
CYP1B1	0.6398273012005723	0.648905081228596	6.531000001089914	14.850000381469727	45.717000007629395	0.0	0.0
CYP20A1	1.0	1.0	10.571499809622765	20.899999618530273	21.14299961924553	0.0	0.0
CYS1	0.44585022470186775	0.44590643274853803	12.615000247955322	13.100000381469727	25.230000495910645	0.0	0.0
DAPL1	0.3157894736842105	0.3157894736842105	24.5	24.5	24.5	0.0	0.0
DBI	1.0	1.0	8.73900032043457	8.73900032043457	8.73900032043457	0.0	0.0
DCDC2C	1.0	1.0	0.5640000104904175	0.5640000104904175	0.5640000104904175	0.0	0.0
DDX18	1.0	1.0	4.168000221252441	4.168000221252441	4.168000221252441	0.0	0.0
DES	0.7287577889272007	0.6580560142646776	10.37599987089634	14.630000114440918	51.8799993544817	0.0	0.0
DHX57	0.3626373626373626	0.3626373626373626	7.872000217437744	7.872000217437744	7.872000217437744	0.0	0.0
DLX2	0.6091954022988506	0.6091954022988506	4.0269999504089355	4.0269999504089355	4.0269999504089355	0.0	0.0
DNAH6	0.7152266517928683	0.8560224089635854	5.156428559550217	16.739999771118164	36.09499991685152	0.0	0.0
DNAH7	1.0	1.0	18.36440019607544	23.200000762939453	91.8220009803772	0.0	0.0
DNAJC10	0.4414576327066477	0.44286616161616166	10.606500148773193	23.700000762939453	42.42600059509277	0.0	0.0
DNAJC27	1.0	1.0	1.2549999952316284	1.2549999952316284	1.2549999952316284	0.0	0.0
DNER	0.5164835164835165	0.5164835164835165	20.5	20.5	20.5	0.0	0.0
DOCK10	0.6346396042730477	0.5606491315255205	9.221750046825036	18.600000381469727	73.77400037460029	0.0	0.0
DPP10	1.0	1.0	18.135000228881836	19.899999618530273	36.27000045776367	0.0	0.0
DPYSL5	0.5111111111111111	0.5111111111111111	13.020000457763672	13.020000457763672	13.020000457763672	0.0	0.0
DRC1	0.6179579816016583	0.6119623198274884	16.048749847337604	23.799999237060547	64.19499938935041	0.0	0.0
DTNB	0.5135135135135135	0.5135135135135135	2.072000026702881	2.072000026702881	2.072000026702881	0.0	0.0
DTYMK	0.5111111111111111	0.5111111111111111	1.0499999523162842	1.0499999523162842	1.0499999523162842	0.0	0.0
DUSP11	0.484375	0.484375	10.539999961853027	10.539999961853027	10.539999961853027	0.0	0.0
DYSF	0.7728656744231875	0.7008333333333333	4.68533331155777	6.798999786376953	14.05599993467331	0.0	0.0
DYTN	0.4409001325982712	0.4914853949626199	12.539999604225159	24.799999237060547	37.619998812675476	0.0	0.0
ECEL1	1.0	1.0	16.93000030517578	16.93000030517578	16.93000030517578	0.0	0.0
EDAR	0.47677661071703814	0.4819976771196283	3.3784999400377274	6.415999889373779	6.756999880075455	0.0	0.0
EFHD1	0.4614475952932534	0.4584826762246117	5.697499990463257	6.432000160217285	11.394999980926514	0.0	0.0
EFR3B	0.4137565926509699	0.6923076923076923	3.9595000743865967	7.544000148773193	7.919000148773193	0.0	0.0
EHD3	0.53125	0.53125	7.953999996185303	7.953999996185303	7.953999996185303	0.0	0.0
EIF2AK3	0.9016563649975089	0.8174603174603176	14.472333590189615	18.540000915527344	43.41700077056885	0.0	0.0
EIF5B	0.4021426232545941	0.42753267973856207	11.30200019478798	23.100000381469727	45.20800077915192	0.0	0.0
EML4	1.0	1.0	17.625	17.649999618530273	35.25	0.0	0.0
EML6	0.6048006214013761	0.636240453313624	7.862333456675212	9.534000396728516	23.587000370025635	0.0	0.0
EPB41L5	0.4166666666666667	0.4166666666666667	6.388000011444092	6.388000011444092	6.388000011444092	0.0	0.0
EPCAM	1.0	1.0	13.510000228881836	13.510000228881836	13.510000228881836	0.0	0.0
ERBB4	0.48936170212765956	0.48936170212765956	0.5299999713897705	0.5299999713897705	0.5299999713897705	0.0	0.0
ERICH2	0.8018146311913441	0.8243243243243243	1.7559999823570251	1.9809999465942383	3.5119999647140503	0.0	0.0
ESPNL	0.5217725066836252	0.4967707023309398	1.7474000006797723	7.2870001792907715	17.474000006797723	0.0	0.0
ETAA1	0.4279669361188548	0.4633254513190783	1.603000005086263	3.378000020980835	4.809000015258789	0.0	0.0
EVA1A	0.9894736842105263	0.9894736842105263	1.7940000295639038	1.7940000295639038	1.7940000295639038	0.0	0.0
EVX2	0.4642857142857143	0.4642857142857143	2.505000114440918	2.505000114440918	2.505000114440918	0.0	0.0
EXOC6B	0.504115488376809	0.533953488372093	6.0315001010894775	7.947000026702881	12.063000202178955	0.0	0.0
FAHD2B	0.4442872121845655	0.43975468975468973	7.754999995231628	15.25	15.509999990463257	0.0	0.0
FAM110C	1.0	1.0	0.4790000021457672	0.4790000021457672	0.4790000021457672	0.0	0.0
FAM124B	0.438916145708564	0.4526209677419355	2.61599999666214	4.986999988555908	5.23199999332428	0.0	0.0
FAM136A	0.5032403828797896	0.5089928057553956	0.30249999463558197	0.4959999918937683	0.6049999892711639	0.0	0.0
FAM161A	0.7079542258461835	0.8148148148148149	6.0936665534973145	9.609999656677246	18.280999660491943	0.0	0.0
FAM166C	0.47324259514495437	0.4323729491796719	0.505333331724008	0.9070000052452087	1.5159999951720238	0.0	0.0
FAM171B	0.49316212974310114	0.500805152979066	7.331999838352203	12.899999618530273	14.663999676704407	0.0	0.0
FAM178B	0.856678009105678	0.9024390243902438	2.3716000157408414	6.084000110626221	11.858000078704208	0.0	0.0
FAM228B	1.0	1.0	3.603666623433431	5.796000003814697	10.810999870300293	0.0	0.0
FARP2	0.5923445149739157	0.5474236206110351	14.062000155448914	25.100000381469727	28.124000310897827	1.0	0.0
FARSB	0.4444444444444444	0.4444444444444444	11.729999542236328	11.729999542236328	11.729999542236328	0.0	0.0
FASTKD1	0.6871084370286291	0.8477366255144032	2.9913332564756274	6.146999835968018	8.973999769426882	0.0	0.0
FER1L5	0.5944055944055944	0.5944055944055944	0.2150000035762787	0.2150000035762787	0.2150000035762787	0.0	0.0
FEZ2	0.9924401601206839	0.85	13.849499955773354	22.100000381469727	55.397999823093414	0.0	0.0
FHL2	0.5277777777777778	0.5277777777777778	0.4059999883174896	0.4059999883174896	0.4059999883174896	0.0	0.0
FIGLA	0.55233199805983	0.5482097186700767	3.6660000681877136	6.860000133514404	7.332000136375427	0.0	0.0
FKBP1B	0.4666666666666667	0.4666666666666667	20.399999618530273	20.399999618530273	20.399999618530273	0.0	0.0
FLACC1	0.43137254901960786	0.43137254901960786	0.17599999904632568	0.17599999904632568	0.17599999904632568	0.0	0.0
FMNL2	0.7867374800863997	0.7	9.696500062942505	12.5	19.39300012588501	0.0	0.0
FN1	0.7999505895645327	0.6506778781283555	9.003444426589542	20.899999618530273	81.03099983930588	0.0	0.0
FOXN2	0.45454545454545453	0.45454545454545453	6.007999897003174	6.007999897003174	6.007999897003174	0.0	0.0
FRZB	0.5732108764784494	0.5846560846560847	18.925000190734863	22.200000762939453	37.85000038146973	0.0	0.0
FSHR	0.45911853514254714	0.5004538852578068	5.419500097632408	10.550000190734863	10.839000195264816	0.0	0.0
FSIP2	0.9878749203966624	0.828874217247464	3.729333412807642	16.530000686645508	33.564000715268776	0.0	0.0
FZD5	1.0	1.0	6.690000057220459	6.690000057220459	6.690000057220459	0.0	0.0
G6PC2	0.5192307692307693	0.5192307692307693	13.520000457763672	13.520000457763672	13.520000457763672	0.0	0.0
GAL3ST2	0.47368421052631576	0.47368421052631576	0.052000001072883606	0.052000001072883606	0.052000001072883606	0.0	0.0
GALNT14	0.4917261577530991	0.49444444444444446	15.175000190734863	22.600000381469727	30.350000381469727	0.0	0.0
GALNT5	1.0	1.0	0.3409999907016754	0.3409999907016754	0.3409999907016754	0.0	0.0
GAREM2	0.8406658991806409	0.8888888888888888	13.228666623433432	18.969999313354492	39.68599987030029	0.0	0.0
GCA	0.42857142857142855	0.42857142857142855	19.489999771118164	19.489999771118164	19.489999771118164	0.0	0.0
GCC2	1.0	1.0	13.289999961853027	13.289999961853027	13.289999961853027	0.0	0.0
GCFC2	0.4722387621683793	0.5753496503496504	3.0844999477267265	6.5	12.337999790906906	0.0	0.0
GDF7	0.47619047619047616	0.47619047619047616	6.797999858856201	6.797999858856201	6.797999858856201	0.0	0.0
GEN1	1.0	1.0	5.580500024807407	10.960000038146973	22.322000099229626	0.0	0.0
GLI2	1.0	1.0	1.022249971050769	2.938999891281128	4.088999884203076	0.0	0.0
GMPPA	0.6545454545454545	0.6545454545454545	8.270999908447266	8.270999908447266	8.270999908447266	0.0	0.0
GNLY	0.48936170212765956	0.48936170212765956	5.409999847412109	5.409999847412109	5.409999847412109	0.0	0.0
GORASP2	1.0	1.0	0.8939999938011169	0.8939999938011169	0.8939999938011169	0.0	0.0
GPATCH11	1.0	1.0	5.290999889373779	5.290999889373779	5.290999889373779	0.0	0.0
GPC1	0.5641874819513315	0.5749790713226208	6.718000134187085	26.200000762939453	47.0260009393096	0.0	0.0
GPD2	0.48214285714285715	0.48214285714285715	13.899999618530273	13.899999618530273	13.899999618530273	0.0	0.0
GPR1	0.44806595508525515	0.43606393606393606	10.573500275611877	17.440000534057617	21.147000551223755	0.0	0.0
GPR148	1.0	1.0	6.36899995803833	6.36899995803833	6.36899995803833	0.0	0.0
GPR155	1.0	1.0	0.4790000021457672	0.4790000021457672	0.4790000021457672	0.0	0.0
GPR35	1.0	1.0	4.4994999170303345	6.7179999351501465	8.998999834060669	0.0	0.0
GPR39	1.0	1.0	11.602499961853027	18.75	23.204999923706055	0.0	0.0
GPR45	0.5384615384615384	0.5384615384615384	25.399999618530273	25.399999618530273	25.399999618530273	0.0	0.0
GRB14	0.6297405309684458	0.65	17.53499984741211	18.549999237060547	35.06999969482422	0.0	0.0
GREB1	0.4937536731815298	0.6913833540298092	6.148571575858763	17.110000610351562	43.04000103101134	0.0	1.0
GRHL1	1.0	1.0	16.829999923706055	16.829999923706055	16.829999923706055	0.0	0.0
GTF2A1L	0.5422871499687621	0.6134923799397484	4.676500022411346	8.86299991607666	18.706000089645386	0.0	0.0
GYPC	1.0	1.0	0.01899999938905239	0.01899999938905239	0.01899999938905239	0.0	0.0
HAAO	0.5792315967778778	0.6833333333333333	11.326500177383423	15.050000190734863	22.653000354766846	0.0	0.0
HAT1	1.0	1.0	8.539999961853027	8.539999961853027	8.539999961853027	0.0	0.0
HDAC4	1.0	1.0	6.068999767303467	6.068999767303467	6.068999767303467	0.0	0.0
HDLBP	1.0	1.0	0.03949999948963523	0.0729999989271164	0.07899999897927046	0.0	0.0
HEATR5B	1.0	1.0	2.0230000019073486	2.0230000019073486	2.0230000019073486	0.0	0.0
HECW2	1.0	1.0	1.0259999702684581	2.0369999408721924	2.0519999405369163	0.0	0.0
HJURP	0.49038459582289223	0.4524760283889253	7.532166772056371	17.860000610351562	45.193000632338226	0.0	0.0
HK2	0.8081188627159399	0.6178685897435898	3.947499968111515	8.960000038146973	15.78999987244606	0.0	0.0
HOXD1	0.6140350877192983	0.6140350877192983	14.930000305175781	14.930000305175781	14.930000305175781	0.0	0.0
HOXD12	0.5	0.5	10.270000457763672	10.270000457763672	10.270000457763672	0.0	0.0
HOXD13	1.0	1.0	0.8679999709129333	0.8679999709129333	0.8679999709129333	0.0	0.0
HOXD3	0.7850316848079636	0.7227722772277227	9.195000171661377	11.260000228881836	18.390000343322754	0.0	0.0
HOXD4	0.5087719298245614	0.5087719298245614	21.899999618530273	21.899999618530273	21.899999618530273	0.0	0.0
HS1BP3	0.7827785310516804	0.7445652173913043	0.03200000058859587	0.03700000047683716	0.06400000117719173	0.0	0.0
HS6ST1	0.5033878392544915	0.6326530612244898	17.604999542236328	23.799999237060547	35.209999084472656	1.0	0.0
HSPD1	1.0	1.0	8.781000137329102	8.781000137329102	8.781000137329102	0.0	0.0
IDH1	0.4279039054264764	0.44388590133270983	16.46150016784668	23.100000381469727	32.92300033569336	0.0	0.0
IFIH1	0.5238095238095238	0.5238095238095238	17.81999969482422	17.81999969482422	17.81999969482422	0.0	0.0
IGFBP5	1.0	1.0	6.03000020980835	6.03000020980835	6.03000020980835	0.0	0.0
IKZF2	0.6739130434782609	0.6739130434782609	5.709000110626221	5.709000110626221	5.709000110626221	0.0	0.0
IL18R1	0.3125	0.3125	5.598999977111816	5.598999977111816	5.598999977111816	0.0	0.0
IL1R1	0.4533627888908578	0.46794871794871795	2.715999960899353	3.9519999027252197	5.431999921798706	0.0	0.0
IL1RL2	0.4778761061946903	0.4778761061946903	19.190000534057617	19.190000534057617	19.190000534057617	0.0	0.0
IL36A	0.49056603773584906	0.49056603773584906	0.006000000052154064	0.006000000052154064	0.006000000052154064	0.0	0.0
IL37	1.0	1.0	6.873000204563141	13.100000381469727	13.746000409126282	0.0	0.0
IMMT	0.6465674531578884	0.5703661327231121	14.616499900817871	24.399999618530273	29.232999801635742	0.0	0.0
INHA	0.46621621621621623	0.46621621621621623	0.5799999833106995	0.5799999833106995	0.5799999833106995	0.0	0.0
INO80D	0.5081446182551788	0.4952314814814815	11.045666774113974	15.460000038146973	33.13700032234192	0.0	0.0
INPP1	0.9978450239390324	0.9976851851851851	6.9079999923706055	7.5920000076293945	27.631999969482422	0.0	0.0
INPP5D	0.6101106201584987	0.7359154929577465	12.490000247955322	18.440000534057617	24.980000495910645	0.0	0.0
IQCA1	1.0	1.0	6.710000038146973	6.710000038146973	6.710000038146973	0.0	0.0
ITGA4	0.5382434414778556	0.6748511904761905	2.3867499819025397	7.566999912261963	9.546999927610159	0.0	0.0
ITGA6	1.0	1.0	12.04700019955635	23.100000381469727	24.0940003991127	0.0	0.0
ITGAV	1.0	1.0	15.989999771118164	15.989999771118164	15.989999771118164	0.0	0.0
ITM2C	0.43686511012501716	0.4558424532603739	5.83774995803833	12.529999732971191	23.35099983215332	0.0	0.0
ITPRIPL1	1.0	1.0	12.268999999389052	24.5	24.537999998778105	0.0	0.0
ITSN2	0.5125	0.5125	2.0439999103546143	2.0439999103546143	2.0439999103546143	0.0	0.0
KANSL3	0.4482758620689655	0.4482758620689655	19.040000915527344	19.040000915527344	19.040000915527344	0.0	0.0
KCNE4	1.0	1.0	4.776999846100807	8.852999687194824	14.330999538302422	0.0	0.0
KCNF1	0.9167410296346103	0.7593984962406015	5.834499835968018	9.649999618530273	11.668999671936035	0.0	0.0
KCNH7	0.5	0.5	4.61299991607666	4.61299991607666	4.61299991607666	0.0	0.0
KCNJ13	1.0	1.0	11.289999961853027	11.289999961853027	11.289999961853027	0.0	0.0
KCNJ3	0.43243243243243246	0.43243243243243246	5.288000106811523	5.288000106811523	5.288000106811523	0.0	0.0
KCNK12	1.0	1.0	6.611000061035156	6.611000061035156	6.611000061035156	0.0	0.0
KCNS3	1.0	1.0	11.698500156402588	18.760000228881836	23.397000312805176	0.0	0.0
KCTD18	0.5046728971962616	0.5046728971962616	14.4399995803833	14.4399995803833	14.4399995803833	0.0	0.0
KDM3A	1.0	1.0	12.40999984741211	16.549999237060547	24.81999969482422	0.0	0.0
KHK	0.5454545454545454	0.5454545454545454	20.799999237060547	20.799999237060547	20.799999237060547	0.0	0.0
KIAA1841	0.3076923076923077	0.3076923076923077	7.429999828338623	7.429999828338623	7.429999828338623	0.0	0.0
KIAA2012	0.5370230482680423	0.7066666666666667	3.8394999504089355	6.059999942779541	7.678999900817871	0.0	0.0
KIDINS220	0.47058823529411764	0.47058823529411764	9.803999900817871	9.803999900817871	9.803999900817871	0.0	0.0
KIF1A	0.3333333333333333	0.3333333333333333	10.3100004196167	10.3100004196167	10.3100004196167	0.0	0.0
KLF11	1.0	1.0	0.5899999737739563	0.5899999737739563	0.5899999737739563	0.0	0.0
KLF7	1.0	1.0	5.2784998416900635	7.798999786376953	10.556999683380127	0.0	0.0
KLHL23	0.5849215282907264	0.7017543859649122	3.54449999332428	4.933000087738037	7.08899998664856	0.0	0.0
KLHL29	0.5957373157813849	0.6082531288559845	7.7657999992370605	9.46500015258789	38.8289999961853	0.0	0.0
KLHL30	0.5069246446587669	0.5033508158508159	4.62024998664856	12.329999923706055	18.48099994659424	0.0	0.0
LBX2	0.98989898989899	0.98989898989899	2.4210000038146973	2.4210000038146973	2.4210000038146973	0.0	0.0
LCT	0.733910910072885	0.597664255575648	7.020249951630831	14.079999923706055	28.080999806523323	0.0	0.0
LHCGR	0.348879825603105	0.43506493506493504	7.831000208854675	12.350000381469727	15.66200041770935	0.0	0.0
LIMS1	0.30879638661206604	0.31757575757575757	5.983999967575073	9.317999839782715	11.967999935150146	0.0	0.0
LIPT1	0.5307261644620194	0.5047824007651841	3.5385000109672546	5.625	7.077000021934509	0.0	0.0
LONRF2	0.47341383215164934	0.46976324177626017	9.209142684936523	15.149999618530273	64.46399879455566	0.0	0.0
LPIN1	0.4888888888888889	0.4888888888888889	3.493000030517578	3.493000030517578	3.493000030517578	0.0	0.0
LRP1B	0.7674444066957136	0.6856955769320715	6.870142909032958	20.700000762939453	48.091000363230705	0.0	0.0
LRP2	0.866234835536884	0.8407591351007533	6.807461561778417	22.399999618530273	88.49700030311942	0.0	0.0
LRPPRC	1.0	1.0	0.010999999940395355	0.010999999940395355	0.010999999940395355	0.0	0.0
LRRFIP1	0.8183122921780083	0.7213131018383425	3.961199986189604	11.59000015258789	19.80599993094802	0.0	0.0
LTBP1	0.7732938459105237	0.6326521517697988	7.417800065875054	18.520000457763672	37.08900032937527	0.0	0.0
LY75	0.5008927321882011	0.5171745261542691	12.447000169754029	17.030000686645508	62.23500084877014	0.0	0.0
MAB21L4	1.0	1.0	15.039999961853027	15.039999961853027	15.039999961853027	0.0	0.0
MAP3K19	0.4779066506651053	0.4827024185820144	4.309749945998192	13.529999732971191	17.238999783992767	0.0	0.0
MAP3K20	0.5151515151515151	0.5151515151515151	10.649999618530273	10.649999618530273	10.649999618530273	0.0	0.0
MAP4K3	1.0	1.0	8.407999753952026	9.307999610900879	16.815999507904053	0.0	0.0
MAPRE3	1.0	1.0	0.39100000262260437	0.39100000262260437	0.39100000262260437	0.0	0.0
MARCHF4	0.5194805194805194	0.5194805194805194	0.2529999911785126	0.2529999911785126	0.2529999911785126	0.0	0.0
MARCHF7	0.5458077785328365	0.6176638176638177	8.892666737238565	17.829999923706055	26.6780002117157	0.0	0.0
MATN3	0.5557625496352364	0.557997557997558	4.164499908685684	7.97599983215332	8.328999817371368	0.0	0.0
MERTK	0.4407370184194192	0.8583333333333334	3.7312498840037733	14.729999542236328	14.924999536015093	0.0	0.0
METTL21A	0.44622271943252073	0.4243564735131	7.6473332444826765	18.989999771118164	22.94199973344803	0.0	0.0
MFF	0.3684210526315789	0.3684210526315789	18.914999961853027	20.100000381469727	37.829999923706055	0.0	0.0
MFSD2B	0.375	0.375	7.0960001945495605	7.0960001945495605	7.0960001945495605	0.0	0.0
MFSD6	1.0	1.0	8.036999702453613	8.036999702453613	8.036999702453613	0.0	0.0
MFSD9	0.5490196078431373	0.5490196078431373	0.29899999499320984	0.29899999499320984	0.29899999499320984	0.0	0.0
MLPH	0.5425587361901838	0.46909868014191325	2.3246000081300737	8.493000030517578	11.623000040650368	0.0	0.0
MMADHC	1.0	1.0	1.7580000162124634	1.7580000162124634	1.7580000162124634	0.0	0.0
MOGAT1	0.45714285714285713	0.45714285714285713	17.5	17.5	17.5	0.0	0.0
MPHOSPH10	1.0	1.0	12.572750352788717	28.100000381469727	50.291001411154866	0.0	0.0
MPP4	1.0	1.0	14.399999618530273	14.399999618530273	14.399999618530273	0.0	0.0
MREG	0.6904761904761905	0.6904761904761905	13.180000305175781	13.180000305175781	13.180000305175781	0.0	0.0
MROH2A	0.8019187181406645	0.7141077885930317	7.120055443710751	25.799999237060547	128.16099798679352	0.0	0.0
MRPL30	0.6833964105425001	0.7475728155339806	0.0885000005364418	0.11100000143051147	0.1770000010728836	0.0	0.0
MRPS5	0.5714285714285714	0.5714285714285714	2.802999973297119	2.802999973297119	2.802999973297119	0.0	0.0
MRPS9	0.5522388059701493	0.5522388059701493	3.4549999237060547	3.4549999237060547	3.4549999237060547	0.0	0.0
MSH6	0.6385686546856738	0.5773944193061841	5.7775002010166645	9.468000411987305	23.110000804066658	0.0	0.0
MTIF2	0.685078331329925	0.8423423423423424	6.407999984920025	12.800000190734863	19.223999954760075	0.0	0.0
MXD1	1.0	1.0	6.36299991607666	6.36299991607666	6.36299991607666	0.0	0.0
MYO1B	1.0	1.0	10.135000228881836	10.140000343322754	20.270000457763672	0.0	0.0
MYO3B	0.7311248798699277	0.8789473684210527	6.996399998664856	15.539999961853027	34.98199999332428	0.0	0.0
MYO7B	0.5294253433002459	0.612381832481555	9.174142599105835	19.799999237060547	64.21899819374084	0.0	0.0
MYT1L	0.5273972602739726	0.5273972602739726	0.1599999964237213	0.1599999964237213	0.1599999964237213	0.0	0.0
MZT2B	0.5533333333333333	0.5533333333333333	10.729999542236328	10.729999542236328	10.729999542236328	0.0	0.0
NAGK	1.0	1.0	8.72599983215332	8.72599983215332	8.72599983215332	0.0	0.0
NAT8	1.0	1.0	0.13300000131130219	0.13300000131130219	0.13300000131130219	0.0	0.0
NAT8B	0.5145008106087288	0.4743871066827929	4.8169998824596405	13.359999656677246	14.450999647378922	0.0	0.0
NBAS	1.0	1.0	4.8888000814244155	15.970000267028809	24.444000407122076	0.0	0.0
NBEAL1	1.0	1.0	12.800000190734863	12.800000190734863	12.800000190734863	0.0	0.0
NCAPH	1.0	1.0	3.1380000710487366	4.9120001792907715	6.276000142097473	0.0	0.0
NCKAP1	0.3939479982404396	0.34121621621621623	4.949000000953674	7.809999942779541	9.898000001907349	0.0	0.0
NCKAP5	0.3142934774218599	0.3874604805452482	1.1253333141406376	2.3329999446868896	3.375999942421913	0.0	0.0
NCL	0.423728813559322	0.423728813559322	0.03099999949336052	0.03099999949336052	0.03099999949336052	0.0	0.0
NCOA1	1.0	1.0	7.259999752044678	8.696999549865723	14.519999504089355	0.0	0.0
NDUFA10	0.4798415811817438	0.7058823529411764	12.89199960231781	22.799999237060547	25.78399920463562	0.0	0.0
NDUFS1	0.3698018874553004	0.36734234234234237	10.123000144958496	11.680000305175781	20.246000289916992	0.0	0.0
NEB	0.8559378206843906	0.8294535810234114	13.747444434298409	24.100000381469727	123.72699990868568	0.0	0.0
NEMP2	0.5700205358761306	0.5947649572649573	1.0019999854266644	1.9049999713897705	2.0039999708533287	0.0	0.0
NEU2	1.0	1.0	2.4070000648498535	2.4070000648498535	2.4070000648498535	0.0	0.0
NEU4	0.5530685574972882	0.8174157303370787	4.464333401372035	23.600000381469727	26.786000408232212	1.0	0.0
NEURL3	0.9917355371900827	0.9917355371900827	7.206999778747559	7.206999778747559	7.206999778747559	0.0	0.0
NEUROD1	0.5408163265306123	0.5408163265306123	11.109999656677246	11.109999656677246	11.109999656677246	0.0	0.0
NFU1	0.5185185185185185	0.5185185185185185	7.538000106811523	7.538000106811523	7.538000106811523	0.0	0.0
NGEF	1.0	1.0	0.561000000530233	1.6480000019073486	1.683000001590699	0.0	0.0
NLRC4	1.0	1.0	3.182499885559082	5.956999778747559	6.364999771118164	0.0	0.0
NMS	0.4530807264287924	0.4642857142857143	2.075499903410673	4.0289998054504395	4.150999806821346	0.0	0.0
NOL10	1.0	1.0	6.177999973297119	7.2129998207092285	12.355999946594238	0.0	0.0
NOP58	0.6	0.6	3.315999984741211	3.315999984741211	3.315999984741211	0.0	0.0
NOSTRIN	0.8615290394612645	0.6818181818181819	10.979000091552734	17.18000030517578	21.95800018310547	0.0	0.0
NPAS2	0.3795811897435323	0.41973896092889224	9.258000115553537	19.190000534057617	27.774000346660614	0.0	0.0
NRP2	1.0	1.0	6.477499842643738	9.293999671936035	12.954999685287476	0.0	0.0
NTSR2	1.0	1.0	7.1519999504089355	7.1519999504089355	7.1519999504089355	0.0	0.0
NXPH2	1.0	1.0	1.8459999561309814	1.8459999561309814	1.8459999561309814	0.0	0.0
NYAP2	0.9992595233817536	0.8208076076928537	5.504666504605363	15.729999542236328	16.51399951381609	0.0	0.0
OBSL1	0.6050862423444228	0.6878700707524318	5.6418460610215195	23.799999237060547	73.34399879327975	0.0	0.0
ODC1	0.5119047619047619	0.5119047619047619	3.5899999141693115	3.5899999141693115	3.5899999141693115	0.0	0.0
OR6B3	0.36610909969702343	0.4142099280030314	12.704333007335663	21.799999237060547	38.11299902200699	0.0	0.0
ORC4	0.5555555555555556	0.5555555555555556	18.049999237060547	18.049999237060547	18.049999237060547	0.0	0.0
OSBPL6	1.0	1.0	9.83899974822998	9.83899974822998	9.83899974822998	0.0	0.0
OSGEPL1	1.0	1.0	0.03999999910593033	0.03999999910593033	0.03999999910593033	0.0	0.0
OTOF	0.46303478873586645	0.8764705882352942	4.055799854546786	17.6299991607666	20.278999272733927	0.0	0.0
OTX1	0.4174757281553398	0.4174757281553398	7.7729997634887695	7.7729997634887695	7.7729997634887695	0.0	0.0
OXER1	0.5064306391584862	0.6518101919045316	2.773000046610832	7.610000133514404	8.319000139832497	0.0	0.0
PAIP2B	1.0	1.0	6.117499828338623	7.23199987411499	12.234999656677246	0.0	0.0
PARD3B	0.543481910359793	0.6289391625499565	5.457600140571595	15.850000381469727	27.28800070285797	0.0	0.0
PASK	0.9106078671472214	0.826388888888889	1.1186666265130043	2.7019999027252197	3.355999879539013	0.0	0.0
PAX3	1.0	1.0	2.3940000534057617	2.3940000534057617	2.3940000534057617	0.0	0.0
PDCD1	0.5064935064935064	0.5064935064935064	0.09000000357627869	0.09000000357627869	0.09000000357627869	0.0	0.0
PDCL3	0.3902439024390244	0.3902439024390244	11.630000114440918	11.630000114440918	11.630000114440918	0.0	0.0
PDE11A	0.7190754482716883	0.5591588050314465	9.148000180721283	19.020000457763672	36.59200072288513	0.0	0.0
PDIA6	1.0	1.0	11.40500005086263	21.0	34.21500015258789	0.0	0.0
PECR	0.4444444444444444	0.4444444444444444	9.420999526977539	9.420999526977539	9.420999526977539	0.0	0.0
PER2	0.587834563474434	0.6348039215686274	4.997000083327293	9.557000160217285	9.994000166654587	0.0	0.0
PFN4	0.5115280581145407	0.5074417601380501	6.615999937057495	7.460000038146973	13.23199987411499	0.0	0.0
PIGF	0.5	0.5	6.925000190734863	6.925000190734863	6.925000190734863	0.0	0.0
PIKFYVE	0.8762822067299185	0.8606762597512123	8.928166800178587	17.170000076293945	107.13800160214305	0.0	0.0
PKDCC	0.41288506010584436	0.4133811230585424	12.825000286102295	13.890000343322754	25.65000057220459	0.0	0.0
PKP4	0.5114496553737353	0.5285204991087344	0.6450000107288361	0.7870000004768372	1.2900000214576721	0.0	0.0
PLA2R1	0.4833878168550514	0.5025300442757749	14.282666524251303	18.889999389648438	42.847999572753906	0.0	0.0
PLB1	0.45690048469025263	0.455997975642407	7.346333339810371	21.0	22.039000019431114	0.0	0.0
PLCD4	1.0	1.0	7.47599983215332	7.47599983215332	7.47599983215332	0.0	0.0
PLCL1	1.0	1.0	16.59849977493286	26.899999618530273	33.19699954986572	0.0	0.0
PLEK	0.9986645731908533	0.7573529411764706	9.085000419989228	18.1200008392334	18.170000839978456	0.0	0.0
PLEKHH2	0.6369583659673232	0.5694444444444444	2.5540000908076763	5.0370001792907715	5.108000181615353	0.0	0.0
PLEKHM3	0.44729678344190776	0.7202380952380952	2.3789999037981033	4.699999809265137	4.757999807596207	0.0	0.0
PNO1	0.473946549346333	0.4717330861909175	12.850000381469727	15.640000343322754	25.700000762939453	0.0	0.0
PNPT1	0.6275107556879325	0.7142857142857143	17.104999542236328	22.299999237060547	34.209999084472656	0.0	0.0
POLE4	1.0	1.0	25.0	25.0	25.0	0.0	0.0
POLR1A	0.2694378650482567	0.4717577030812325	2.4625000152736902	9.519000053405762	9.850000061094761	0.0	0.0
POLR1B	0.4890053822880004	0.5269213069489185	5.86500009894371	11.550000190734863	11.73000019788742	0.0	0.0
POLR2D	0.4375	0.4375	8.22700023651123	8.22700023651123	8.22700023651123	0.0	0.0
POMC	0.47572815533980584	0.47572815533980584	9.652000427246094	9.652000427246094	9.652000427246094	0.0	0.0
POTEE	0.2726603156133844	0.6146341463414634	10.861500024795532	20.5	21.723000049591064	1.0	0.0
POTEF	0.7446575125014206	0.7562661461429205	9.048874870641157	19.049999237060547	72.39099896512926	1.0	0.0
POTEI	1.0	1.0	8.662142867821135	21.399999618530273	121.2700001494959	1.0	0.0
POTEJ	0.4537949740451528	0.5396840919867235	6.331000049908956	14.960000038146973	18.993000149726868	0.0	0.0
PPIG	1.0	1.0	18.6299991607666	18.6299991607666	18.6299991607666	0.0	0.0
PPP1CB	0.5714285714285714	0.5714285714285714	5.631999969482422	5.631999969482422	5.631999969482422	0.0	0.0
PPP1R1C	0.5	0.5	3.072000026702881	3.072000026702881	3.072000026702881	0.0	0.0
PPP1R21	0.41304347826086957	0.41304347826086957	12.670000076293945	12.670000076293945	12.670000076293945	0.0	0.0
PPP3R1	0.45454545454545453	0.45454545454545453	11.09000015258789	11.09000015258789	11.09000015258789	0.0	0.0
PPP4R3B	1.0	1.0	0.020999999716877937	0.020999999716877937	0.020999999716877937	0.0	0.0
PRKAG3	0.45535714285714285	0.45535714285714285	16.299999237060547	16.299999237060547	16.299999237060547	0.0	0.0
PRKD3	0.5147058823529411	0.5147058823529411	5.828000068664551	5.828000068664551	5.828000068664551	0.0	0.0
PROC	0.44895902699883694	0.4755442998494643	5.4826666712760925	12.210000038146973	16.448000013828278	0.0	0.0
PROKR1	0.547945205479452	0.547945205479452	0.052000001072883606	0.052000001072883606	0.052000001072883606	0.0	0.0
PROM2	1.0	1.0	1.315999984741211	1.315999984741211	1.315999984741211	0.0	0.0
PRSS56	1.0	1.0	12.244500160217285	15.84000015258789	24.48900032043457	0.0	0.0
PSD4	0.4567901234567901	0.4567901234567901	7.84499979019165	7.84499979019165	7.84499979019165	0.0	0.0
PSME4	0.423790683636791	0.4175501141445414	10.64360008239746	21.700000762939453	53.218000411987305	0.0	0.0
PTH2R	0.5297164760532911	0.5277609223300971	5.055499911308289	7.888999938964844	10.110999822616577	0.0	0.0
PTPRN	0.5144927536231884	0.5144927536231884	0.527999997138977	0.527999997138977	0.527999997138977	0.0	0.0
PUS10	0.4827586206896552	0.4827586206896552	7.13100004196167	7.13100004196167	7.13100004196167	0.0	0.0
PXDN	0.996138187740572	0.8257575757575758	3.654666632413864	6.699999809265137	10.963999897241592	0.0	0.0
R3HDM1	1.0	1.0	19.454999923706055	22.5	38.90999984741211	0.0	0.0
RAB11FIP5	1.0	1.0	12.65999984741211	12.65999984741211	12.65999984741211	0.0	0.0
RAB3GAP1	0.5272480190081884	0.7	11.771499633789062	18.549999237060547	23.542999267578125	0.0	0.0
RAB6C	0.5058823529411764	0.5058823529411764	7.290999889373779	7.290999889373779	7.290999889373779	0.0	0.0
RAD51AP2	1.0	1.0	3.100000023841858	3.1489999294281006	6.200000047683716	0.0	0.0
RANBP2	1.0	1.0	5.159999966621399	6.4029998779296875	10.319999933242798	0.0	0.0
RAPH1	1.0	1.0	4.960000038146973	8.670000076293945	9.920000076293945	0.0	0.0
RBM44	0.48936170212765956	0.48936170212765956	0.16200000047683716	0.16200000047683716	0.16200000047683716	0.0	0.0
REEP1	0.4067796610169492	0.4067796610169492	2.049999952316284	2.049999952316284	2.049999952316284	0.0	0.0
REG3G	1.0	1.0	0.5299999713897705	0.5299999713897705	0.5299999713897705	0.0	0.0
RESP18	0.8817665225490583	0.8042328042328042	5.835999965667725	9.595999717712402	17.507999897003174	0.0	0.0
REV1	0.37067687524774906	0.41391291923206813	6.178000062704086	14.630000114440918	18.53400018811226	0.0	0.0
RFTN2	1.0	1.0	6.888999938964844	6.888999938964844	6.888999938964844	0.0	0.0
RFX8	1.0	1.0	13.529999732971191	13.529999732971191	13.529999732971191	0.0	0.0
RGPD3	0.43228101275229336	0.425557461406518	18.90999984741211	25.299999237060547	37.81999969482422	0.0	0.0
RGPD4	0.43275357399381614	0.45835602517931223	14.56074983254075	25.0	116.485998660326	0.0	0.0
RGPD5	0.4907781941306866	0.38991661411253586	13.90850019454956	24.600000381469727	27.81700038909912	0.0	0.0
RIF1	0.4698850567147878	0.46379310344827585	0.029999999329447746	0.035999998450279236	0.05999999865889549	0.0	0.0
RMDN2	0.423728813559322	0.423728813559322	5.021999835968018	5.021999835968018	5.021999835968018	0.0	0.0
RNASEH1	1.0	1.0	0.20900000631809235	0.20900000631809235	0.20900000631809235	0.0	0.0
RNF144A	0.3808712038771469	0.42040864813494894	9.200500071048737	17.59000015258789	18.401000142097473	0.0	0.0
RNF149	1.0	1.0	1.784000039100647	1.784000039100647	1.784000039100647	0.0	0.0
ROCK2	0.3	0.3	9.428000450134277	9.428000450134277	9.428000450134277	0.0	0.0
RRM2	1.0	1.0	2.88100004196167	2.88100004196167	2.88100004196167	0.0	0.0
SAG	0.40476190476190477	0.40476190476190477	1.687000036239624	1.687000036239624	1.687000036239624	0.0	0.0
SAP130	0.43157894736842106	0.43157894736842106	8.604000091552734	8.604000091552734	8.604000091552734	0.0	0.0
SCG2	0.456	0.456	0.9660000205039978	0.9660000205039978	0.9660000205039978	0.0	0.0
SCN2A	0.4943181818181818	0.4943181818181818	9.013999938964844	9.013999938964844	9.013999938964844	0.0	0.0
SCN3A	0.42424242424242425	0.42424242424242425	16.010000228881836	16.010000228881836	16.010000228881836	0.0	0.0
SCN7A	0.390361568420994	0.48020434227330777	5.158666642382741	15.329999923706055	15.475999927148223	0.0	0.0
SCN9A	0.5128695413724398	0.5205141300646918	7.504000027974446	12.539999961853027	22.51200008392334	0.0	0.0
SCTR	1.0	1.0	0.054999999701976776	0.054999999701976776	0.054999999701976776	0.0	0.0
SDC1	1.0	1.0	4.61299991607666	4.61299991607666	4.61299991607666	0.0	0.0
SELENOI	0.7846137320924113	0.7459016393442623	8.05050015449524	9.277000427246094	16.10100030899048	0.0	0.0
SEMA4C	1.0	1.0	0.052000001072883606	0.052000001072883606	0.052000001072883606	0.0	0.0
SESTD1	1.0	1.0	8.52299976348877	8.52299976348877	8.52299976348877	0.0	0.0
SF3B1	1.0	1.0	9.488333702087402	11.100000381469727	28.465001106262207	0.0	0.0
SFT2D3	1.0	1.0	7.201000213623047	7.201000213623047	7.201000213623047	0.0	0.0
SFTPB	0.421875	0.421875	14.630000114440918	14.630000114440918	14.630000114440918	0.0	0.0
SGO2	0.5490196078431373	0.5490196078431373	1.0850000083446503	1.6119999885559082	2.1700000166893005	0.0	0.0
SGPP2	0.4405594405594406	0.4405594405594406	1.3240000009536743	1.3240000009536743	1.3240000009536743	0.0	0.0
SH3BP4	0.4722158136775346	0.4878069471780466	2.647000055992976	11.180000305175781	15.882000335957855	0.0	0.0
SH3RF3	0.5548402541956066	0.510061242344707	11.893500193953514	23.600000381469727	23.787000387907028	0.0	0.0
SIX3	1.0	1.0	12.550000190734863	12.550000190734863	12.550000190734863	0.0	0.0
SLC11A1	0.5611656548693011	0.7684210526315789	6.416999936103821	12.15999984741211	12.833999872207642	0.0	0.0
SLC19A3	0.5512820512820513	0.5512820512820513	8.237000465393066	8.237000465393066	8.237000465393066	0.0	0.0
SLC1A4	0.46892796339158394	0.4831318107180176	2.925999939441681	4.704999923706055	5.851999878883362	0.0	0.0
SLC20A1	1.0	1.0	7.60699987411499	7.60699987411499	7.60699987411499	0.0	0.0
SLC25A12	1.0	1.0	4.9629998207092285	4.9629998207092285	4.9629998207092285	0.0	0.0
SLC30A6	0.4634146341463415	0.4634146341463415	5.626999855041504	5.626999855041504	5.626999855041504	0.0	0.0
SLC3A1	0.4532379943844538	0.45810217290799815	2.975000023841858	3.7960000038146973	5.950000047683716	0.0	0.0
SLC40A1	0.5112781954887218	0.5112781954887218	7.730999946594238	7.730999946594238	7.730999946594238	0.0	0.0
SLC4A3	0.5565607426130333	0.7226493460586779	5.849750109016895	9.449000358581543	23.39900043606758	0.0	0.0
SLC5A6	1.0	1.0	11.529000282287598	16.520000457763672	23.058000564575195	0.0	0.0
SLC9A4	0.46302240895493735	0.43995098039215685	1.3124999580904841	2.61299991607666	2.6249999161809683	0.0	0.0
SMPD4	0.328125	0.328125	0.6679999828338623	0.6679999828338623	0.6679999828338623	0.0	0.0
SMYD1	1.0	1.0	6.468800121545792	18.190000534057617	32.34400060772896	0.0	0.0
SNED1	0.5209547943481453	0.49316209644849957	8.082799911499023	21.5	40.41399955749512	0.0	0.0
SNRNP200	1.0	1.0	8.642000198364258	8.642000198364258	8.642000198364258	0.0	0.0
SNTG2	0.5567733148120086	0.6852941176470587	3.7126665314038596	10.4399995803833	11.137999594211578	0.0	0.0
SOCS5	0.4605564752578588	0.46006497901719234	6.7834999561309814	6.935999870300293	13.566999912261963	0.0	0.0
SOWAHC	1.0	1.0	9.09000015258789	9.09000015258789	9.09000015258789	0.0	0.0
SP100	0.5245901639344263	0.5245901639344263	0.0020000000949949026	0.0020000000949949026	0.0020000000949949026	0.0	0.0
SP110	0.4069633439285009	0.6668514668514669	1.8280000030994414	7.690999984741211	9.140000015497208	0.0	0.0
SP140	0.5932948719734685	0.7586206896551724	0.6665000095963478	1.1230000257492065	1.3330000191926956	0.0	0.0
SP140L	0.20346274922194588	0.26176470588235295	3.335500106215477	6.484000205993652	6.671000212430954	0.0	0.0
SP5	0.5288421075250629	0.5196078431372548	7.245499849319458	14.069999694824219	14.490999698638916	0.0	0.0
SPAG16	0.5076923076923077	0.5076923076923077	18.530000686645508	18.530000686645508	18.530000686645508	0.0	0.0
SPATA3	0.4945054945054945	0.4945054945054945	24.899999618530273	24.899999618530273	24.899999618530273	0.0	0.0
SPEG	0.5929208130495028	0.719475338491296	8.142999857664108	24.299999237060547	32.57199943065643	0.0	0.0
SPEGNB	1.0	1.0	15.600000381469727	15.600000381469727	15.600000381469727	0.0	0.0
SPHKAP	0.8895056952807897	0.660509434845718	3.2013334035873413	7.550000190734863	9.604000210762024	0.0	0.0
SPP2	0.5257731958762887	0.5257731958762887	0.26100000739097595	0.26100000739097595	0.26100000739097595	0.0	0.0
SPRED2	0.6056338028169014	0.6056338028169014	6.4019999504089355	6.4019999504089355	6.4019999504089355	0.0	0.0
SPTBN1	0.9854071313875865	0.7587064676616915	2.595999926328659	5.034999847412109	5.191999852657318	0.0	0.0
SRD5A2	1.0	1.0	4.01200008392334	4.01200008392334	4.01200008392334	0.0	0.0
ST3GAL5	0.47368421052631576	0.47368421052631576	12.109999656677246	12.109999656677246	12.109999656677246	0.0	0.0
ST6GAL2	1.0	1.0	3.9515000004321337	7.875	7.903000000864267	0.0	0.0
STARD7	0.4302653666775559	0.473198332340679	9.105999946594238	17.15999984741211	18.211999893188477	0.0	0.0
STEAP3	0.48317065141188664	0.4860174781523096	5.840000057592988	11.630000114440918	11.680000115185976	0.0	0.0
STK11IP	1.0	1.0	15.369999885559082	15.369999885559082	15.369999885559082	0.0	0.0
STK16	0.5003410321377246	0.7195121951219512	14.876000046730042	26.5	29.752000093460083	0.0	0.0
STK17B	0.3399970667572911	0.3359559402045633	11.0625	13.430000305175781	22.125	0.0	0.0
STON1	0.5428571428571428	0.5428571428571428	7.386000156402588	7.386000156402588	7.386000156402588	0.0	0.0
STPG4	0.4772727272727273	0.4772727272727273	7.201000213623047	7.201000213623047	7.201000213623047	0.0	0.0
STRADB	1.0	1.0	7.657999753952026	9.845999717712402	15.315999507904053	0.0	0.0
SULT1C2	0.38028169014084506	0.38028169014084506	25.899999618530273	25.899999618530273	25.899999618530273	0.0	0.0
SULT1C3	0.5023593933183946	0.5788451498677805	1.7347499441821128	6.002999782562256	6.938999776728451	0.0	0.0
TACR1	0.46	0.46	10.399999618530273	10.399999618530273	10.399999618530273	0.0	0.0
TAF1B	0.8083648859495054	0.9219858156028368	8.125666618347168	19.959999084472656	48.75399971008301	0.0	0.0
TANC1	1.0	1.0	7.90200013294816	15.720000267028809	15.80400026589632	0.0	0.0
TBC1D8	0.48916570656497654	0.48278885570487234	5.853600072860718	15.880000114440918	29.26800036430359	0.0	0.0
TEKT4	0.5112504098267077	0.514260962281754	14.901999711990356	22.299999237060547	29.803999423980713	0.0	0.0
TEX44	1.0	1.0	1.6200000047683716	1.6200000047683716	1.6200000047683716	0.0	0.0
TFCP2L1	1.0	1.0	4.311999797821045	4.311999797821045	4.311999797821045	0.0	0.0
TFPI	1.0	1.0	18.200000762939453	18.200000762939453	18.200000762939453	0.0	0.0
TGFBRAP1	0.4700558823151223	0.4785718389153789	1.4025000482797623	2.3540000915527344	2.8050000965595245	0.0	0.0
THADA	0.5619047619047619	0.5619047619047619	0.024000000208616257	0.024000000208616257	0.024000000208616257	0.0	0.0
THAP4	0.47540983606557374	0.47540983606557374	7.993000030517578	7.993000030517578	7.993000030517578	0.0	0.0
THNSL2	0.5517241379310345	0.5517241379310345	11.449999809265137	11.449999809265137	11.449999809265137	0.0	0.0
THSD7B	0.4601558411842822	0.4618472699710349	11.167000278830528	19.290000915527344	33.501000836491585	0.0	0.0
TM4SF20	0.6463414634146342	0.6463414634146342	2.4040000438690186	2.4040000438690186	2.4040000438690186	0.0	0.0
TMBIM1	1.0	1.0	13.101000428199768	24.200000762939453	26.202000856399536	0.0	0.0
TMEM127	0.4148148148148148	0.4148148148148148	0.1889999955892563	0.1889999955892563	0.1889999955892563	0.0	0.0
TMEM131	0.5710615875857141	0.5506849315068493	15.52299976348877	21.0	46.56899929046631	0.0	0.0
TMEM17	0.7727677084687021	0.765625	7.727499961853027	7.9629998207092285	15.454999923706055	0.0	0.0
TMEM177	0.999995890886449	0.9970760233918128	2.846333362006893	6.164000034332275	8.539000086020678	0.0	0.0
TMEM182	1.0	1.0	8.407999992370605	8.407999992370605	8.407999992370605	0.0	0.0
TMEM185B	0.4819277108433735	0.4819277108433735	24.399999618530273	24.399999618530273	24.399999618530273	0.0	0.0
TMEM198	0.8905868268252403	0.8287461773700305	10.978333473205566	17.940000534057617	32.9350004196167	0.0	0.0
TMEM214	0.5232558139534884	0.5232558139534884	26.700000762939453	26.700000762939453	26.700000762939453	0.0	0.0
TMEM87B	0.5263157894736842	0.5263157894736842	0.6949999928474426	0.6949999928474426	0.6949999928474426	0.0	0.0
TNS1	0.6271395736451463	0.5888200683528605	6.937285626839314	22.399999618530273	97.1219987757504	0.0	0.0
TOGARAM2	0.9995804339059531	0.8651315789473684	6.107499995734543	16.40999984741211	24.42999998293817	0.0	0.0
TPO	0.5201963047974812	0.5439069160362259	7.050857137356486	23.399999618530273	49.3559999614954	0.0	0.0
TPRKB	0.5	0.5	8.581999778747559	8.581999778747559	8.581999778747559	0.0	0.0
TRAF3IP1	0.9954698451006575	0.99609375	13.555000305175781	15.720000267028809	27.110000610351562	0.0	0.0
TRAK2	1.0	1.0	13.059499740600586	18.809999465942383	26.118999481201172	0.0	0.0
TRAPPC12	1.0	1.0	3.389999970793724	6.500999927520752	6.779999941587448	0.0	0.0
TRIP12	1.0	1.0	1.9420000314712524	1.9420000314712524	1.9420000314712524	0.0	0.0
TRMT61B	0.4730447484006278	0.48411569464201043	6.604499816894531	9.569999694824219	13.208999633789062	0.0	0.0
TRPM8	0.46682722944779714	0.4806049411221427	2.3385000228881836	3.071000099182129	4.677000045776367	0.0	0.0
TSPYL6	0.4563106796116505	0.4563106796116505	3.813999891281128	3.813999891281128	3.813999891281128	0.0	0.0
TTC21B	1.0	1.0	14.473999500274658	21.299999237060547	28.947999000549316	0.0	0.0
TTC27	0.5890308517812817	0.6724470336449939	15.100249886512756	24.399999618530273	60.400999546051025	0.0	0.0
TTC30A	1.0	1.0	10.30899977684021	14.489999771118164	20.61799955368042	0.0	0.0
TTC30B	1.0	1.0	15.195000171661377	23.600000381469727	30.390000343322754	0.0	0.0
TTC7A	0.6232232288050208	0.6309523809523809	10.305499792098999	14.319999694824219	20.610999584197998	0.0	0.0
TTL	0.5	0.5	0.8560000061988831	0.8560000061988831	0.8560000061988831	0.0	0.0
TTN	0.5344920272635723	0.5357143413032369	9.139129392917761	23.299999237060547	776.8259983980097	1.0	0.0
TUBA3D	0.25859708573556334	0.31860885275519424	14.112999618053436	26.799999237060547	28.225999236106873	0.0	0.0
TUBA3E	0.4618318934958315	0.5553355375915537	11.244166453679403	26.799999237060547	134.92999744415283	0.0	0.0
TUBA4B	0.6128668145085137	0.685840158220666	7.427333434422811	13.800000190734863	22.282000303268433	0.0	0.0
UBE2F	0.34375	0.34375	9.753000259399414	9.753000259399414	9.753000259399414	0.0	0.0
UBR3	0.6666666666666666	0.6666666666666666	6.193999767303467	6.193999767303467	6.193999767303467	0.0	0.0
UBXN4	0.48070371805915624	0.4852941176470588	7.174499750137329	9.413999557495117	14.348999500274658	0.0	0.0
UGGT1	0.5242981259163666	0.6118666169895678	5.046000063419342	6.826000213623047	20.184000253677368	0.0	0.0
UGT1A3	0.5446046423262251	0.5329525239392544	0.23924999311566353	0.5019999742507935	0.9569999724626541	0.0	0.0
UGT1A4	0.9925925925925926	0.9925925925925926	1.0549999475479126	1.0549999475479126	1.0549999475479126	0.0	0.0
UGT1A5	0.5161290322580645	0.5161290322580645	1.906000018119812	1.906000018119812	1.906000018119812	0.0	0.0
UGT1A6	1.0	1.0	3.630499914288521	12.569999694824219	14.521999657154083	0.0	0.0
UGT1A7	0.9979103815958383	0.9984962406015038	0.5497999902814626	1.434999942779541	2.7489999514073133	0.0	0.0
UNC80	0.5843765635399971	0.75	14.977499723434448	24.899999618530273	29.954999446868896	0.0	0.0
UPP2	0.4470588235294118	0.4470588235294118	5.415999889373779	5.415999889373779	5.415999889373779	0.0	0.0
USP34	1.0	1.0	7.045666694641113	13.920000076293945	21.13700008392334	0.0	0.0
USP37	1.0	1.0	11.079999923706055	11.079999923706055	11.079999923706055	0.0	0.0
USP40	0.6721742781426905	0.7431818181818182	4.919500121381134	10.430000305175781	19.678000485524535	0.0	0.0
VRK2	1.0	1.0	21.600000381469727	21.600000381469727	21.600000381469727	0.0	0.0
VWA3B	0.6916331392990553	0.865625	6.649749996140599	15.260000228881836	26.598999984562397	0.0	0.0
WDR35	0.49559229427089857	0.513044363044363	10.211333195368448	21.0	30.633999586105347	0.0	0.0
WDR43	0.7541993572211437	0.6322742657495359	5.816333492596944	9.930000305175781	17.449000477790833	0.0	0.0
WDR75	0.5526315789473685	0.5526315789473685	2.2339999675750732	2.2339999675750732	2.2339999675750732	0.0	0.0
WDSUB1	0.6284765006892494	0.6620428751576294	14.263333797454834	24.200000762939453	42.7900013923645	0.0	0.0
WIPF1	0.9903185903112399	0.7842639593908629	7.308999985456467	14.289999961853027	14.617999970912933	0.0	0.0
WNT10A	0.4032258064516129	0.4032258064516129	29.100000381469727	29.100000381469727	29.100000381469727	1.0	0.0
XDH	0.4883720930232558	0.4883720930232558	8.630999565124512	8.630999565124512	8.630999565124512	0.0	0.0
XRCC5	1.0	1.0	0.42899999022483826	0.42899999022483826	0.42899999022483826	0.0	0.0
ZAP70	0.3923076923076923	0.3923076923076923	7.519999980926514	7.519999980926514	7.519999980926514	0.0	0.0
ZDBF2	0.4699120410004858	0.4507956116105352	0.7983333170413971	1.2079999446868896	2.3949999511241913	0.0	0.0
ZFP36L2	0.43820224719101125	0.43820224719101125	10.279999732971191	10.279999732971191	10.279999732971191	0.0	0.0
ZNF142	1.0	1.0	9.080499649047852	16.969999313354492	18.160999298095703	0.0	0.0
ZNF512	1.0	1.0	0.3840000033378601	0.3840000033378601	0.3840000033378601	0.0	0.0
ZNF513	0.47101449275362317	0.47101449275362317	22.600000381469727	22.600000381469727	22.600000381469727	0.0	0.0
ZNF638	1.0	1.0	7.966999769210815	8.371999740600586	15.93399953842163	0.0	0.0
ZNF804A	0.49119003868822564	0.4883726895181848	5.906571243490491	17.459999084472656	41.34599870443344	0.0	0.0
