Gene	CADD_weighted_avg_AF	avg_AF	avg_CADD_PHRED	max_CADD_PHRED	sum_CADD_PHRED	HFI	LoH
AAK1	1.0	1.0	12.948000192642212	18.510000228881836	25.896000385284424	0.0	0.0
ABCA12	0.5679921817973286	0.5967800089035333	1.730999970436096	6.5279998779296875	8.654999852180481	0.0	0.0
ABCB11	1.0	1.0	0.04100000113248825	0.04100000113248825	0.04100000113248825	0.0	0.0
ABCB6	1.0	1.0	2.819000005722046	2.819000005722046	2.819000005722046	0.0	0.0
ABCG8	0.533098603104593	0.6722258492096463	10.845666329065958	23.299999237060547	32.536998987197876	0.0	0.0
ABHD1	0.45408163265306123	0.45408163265306123	13.90999984741211	13.90999984741211	13.90999984741211	0.0	0.0
ACKR3	0.625	0.625	5.441999912261963	5.441999912261963	5.441999912261963	0.0	0.0
ACOXL	0.5359477124183006	0.5359477124183006	18.329999923706055	18.329999923706055	18.329999923706055	0.0	0.0
ACTG2	1.0	1.0	11.859999656677246	11.859999656677246	11.859999656677246	0.0	0.0
ACTR1B	0.43266432871855803	0.7156862745098039	8.143500000238419	16.25	16.287000000476837	0.0	0.0
ACVR1	1.0	1.0	3.585499942302704	6.053999900817871	7.170999884605408	0.0	0.0
ACVR1C	0.3879310344827586	0.3879310344827586	7.669000148773193	7.669000148773193	7.669000148773193	0.0	0.0
ACVR2A	0.4954128440366973	0.4954128440366973	12.220000267028809	12.220000267028809	12.220000267028809	0.0	0.0
ACYP2	1.0	1.0	1.3559999465942383	1.3559999465942383	1.3559999465942383	0.0	0.0
ADAM17	1.0	1.0	1.9079999923706055	1.9079999923706055	1.9079999923706055	0.0	0.0
ADAM23	0.3791208791208791	0.3791208791208791	9.267000198364258	9.267000198364258	9.267000198364258	0.0	0.0
ADCY3	0.8070044939329171	0.5748355263157895	5.249250091612339	14.020000457763672	20.997000366449356	0.0	0.0
ADGRF3	1.0	1.0	19.43166669209798	37.0	58.295000076293945	0.0	1.0
ADI1	0.6917585984215509	0.8333333333333333	0.770499974489212	1.4249999523162842	1.540999948978424	0.0	0.0
ADRA2B	1.0	1.0	0.04399999976158142	0.04399999976158142	0.04399999976158142	0.0	0.0
AFF3	0.4642857142857143	0.4642857142857143	9.815999984741211	9.815999984741211	9.815999984741211	0.0	0.0
AGAP1	0.497834248123553	0.480019086245974	6.2674997709691525	12.479999542236328	12.534999541938305	0.0	0.0
AGFG1	0.557972877149433	0.7658227848101266	4.482999950647354	8.461999893188477	8.965999901294708	0.0	0.0
AGXT	0.5255531978824234	0.5162026728291788	9.789333403110504	24.100000381469727	29.368000209331512	0.0	0.0
ALK	1.0	1.0	4.931000017374754	8.324000358581543	24.65500008687377	0.0	0.0
ALMS1	1.0	1.0	0.8659999947994947	2.371999979019165	2.5979999843984842	0.0	0.0
ALPG	1.0	1.0	0.18450000509619713	0.3580000102519989	0.36900001019239426	0.0	0.0
ALPP	0.5063169136087415	0.6388330904459937	0.5363333150744438	1.434999942779541	1.6089999452233315	0.0	0.0
ALS2	1.0	1.0	1.6196666872128844	4.578000068664551	4.859000061638653	0.0	0.0
AMER3	0.8912432604100518	0.7771084337349398	0.37300000339746475	0.5640000104904175	0.7460000067949295	0.0	0.0
ANKAR	1.0	1.0	3.3530000438913703	6.683000087738037	6.706000087782741	0.0	0.0
ANKMY1	0.5	0.5	0.5389999747276306	0.5389999747276306	0.5389999747276306	0.0	0.0
ANKRD36	0.6873663612311717	0.7676206714569885	7.161222289419836	22.600000381469727	64.45100060477853	0.0	0.0
ANKRD36C	0.5995197271355948	0.6345717990756155	5.222749870270491	22.299999237060547	41.781998962163925	0.0	1.0
ANKZF1	0.52	0.52	5.953999996185303	5.953999996185303	5.953999996185303	0.0	0.0
ANO7	0.4947844836950666	0.48070925777421364	3.719666806360086	9.449000358581543	11.159000419080257	0.0	0.0
APOB	0.6994780572729538	0.6182164940064308	8.48900014215282	27.5	59.42300099506974	0.0	0.0
AQP12A	0.5057471264367817	0.5057471264367817	24.200000762939453	24.200000762939453	24.200000762939453	0.0	0.0
AQP12B	0.5285536084246601	0.507469654528478	12.717000047365824	21.600000381469727	38.15100014209747	0.0	0.0
ARHGAP25	1.0	1.0	0.008999999612569809	0.008999999612569809	0.008999999612569809	0.0	0.0
ARHGEF33	1.0	1.0	16.704999923706055	19.93000030517578	33.40999984741211	0.0	0.0
ARHGEF4	0.5112731597071158	0.609407672368603	3.142000012099743	6.125	25.136000096797943	0.0	0.0
ARMC9	0.9609232159371287	0.7277235772357723	12.326750189065933	23.5	49.30700075626373	0.0	0.0
ASAP2	0.986641969160088	0.8242424242424242	6.183999826510747	17.309999465942383	18.551999479532242	0.0	0.0
ASB1	1.0	1.0	3.130000114440918	3.130000114440918	3.130000114440918	0.0	0.0
ASB18	1.0	1.0	8.144000053405762	8.144000053405762	8.144000053405762	0.0	0.0
ASB3	0.47018739352640543	0.47018739352640543	9.947999954223633	9.947999954223633	9.947999954223633	0.0	0.0
ASIC4	0.5397147332856895	0.5411082052958484	8.336999972661337	15.029999732971191	25.01099991798401	0.0	0.0
ASNSD1	1.0	1.0	6.859000205993652	6.859000205993652	6.859000205993652	0.0	0.0
ASPRV1	0.5038759689922481	0.5038759689922481	0.3889999985694885	0.3889999985694885	0.3889999985694885	0.0	0.0
ASTL	1.0	1.0	2.3589999675750732	2.3589999675750732	2.3589999675750732	0.0	0.0
ATAD2B	0.4868421052631579	0.4868421052631579	8.880999565124512	8.880999565124512	8.880999565124512	0.0	0.0
ATF2	0.5909090909090909	0.5909090909090909	20.899999618530273	20.899999618530273	20.899999618530273	0.0	0.0
ATG16L1	0.5	0.5	0.6230000257492065	0.6230000257492065	0.6230000257492065	0.0	0.0
ATG4B	0.4974704890387858	0.4974704890387858	15.3100004196167	15.3100004196167	15.3100004196167	0.0	0.0
ATG9A	0.9983974358974359	0.9983974358974359	0.11500000208616257	0.11500000208616257	0.11500000208616257	0.0	0.0
ATIC	0.49146757679180886	0.49146757679180886	23.5	23.5	23.5	0.0	0.0
ATL2	0.5211410277909668	0.5136351468915211	14.364999771118164	18.579999923706055	28.729999542236328	0.0	0.0
ATOH8	0.5163933255421682	0.5206907787552949	12.306499809026718	23.899999618530273	24.612999618053436	0.0	0.0
ATP5MC3	0.4897959183673469	0.4897959183673469	4.052999973297119	4.052999973297119	4.052999973297119	0.0	0.0
ATP6V1B1	0.4271342554171572	0.3861788617886179	12.169000148773193	21.600000381469727	24.338000297546387	0.0	0.0
ATP6V1C2	0.45901639344262296	0.45901639344262296	20.600000381469727	20.600000381469727	20.600000381469727	0.0	0.0
ATRAID	1.0	1.0	2.8369998931884766	2.8369998931884766	2.8369998931884766	0.0	0.0
AUP1	0.46153846153846156	0.46153846153846156	8.612000465393066	8.612000465393066	8.612000465393066	0.0	0.0
B3GNT7	1.0	1.0	20.399999618530273	20.399999618530273	20.399999618530273	0.0	0.0
BARD1	0.5148206635597459	0.5744705670569795	4.776999946450815	15.739999771118164	19.10799978580326	0.0	0.0
BCL11A	1.0	1.0	12.899999618530273	12.899999618530273	12.899999618530273	0.0	0.0
BCL2L11	0.6902283897928072	0.7972972972972974	3.465499997138977	5.296000003814697	6.930999994277954	0.0	0.0
C1QL2	0.8940588598150778	0.6875	5.9289997816085815	9.847999572753906	11.857999563217163	0.0	0.0
C2CD6	1.0	1.0	1.168500006198883	1.378000020980835	2.337000012397766	0.0	0.0
C2orf16	0.4374001320474469	0.44691488078329317	7.43980009406805	15.539999961853027	37.19900047034025	0.0	0.0
C2orf42	0.5641025641025641	0.5641025641025641	0.32199999690055847	0.32199999690055847	0.32199999690055847	0.0	0.0
C2orf49	0.5555555555555556	0.5555555555555556	14.819999694824219	14.819999694824219	14.819999694824219	0.0	0.0
C2orf73	0.5087803656944739	0.49516369047619047	13.178499937057495	18.989999771118164	26.35699987411499	0.0	0.0
C2orf74	0.46153846153846156	0.46153846153846156	22.799999237060547	22.799999237060547	22.799999237060547	0.0	0.0
C2orf76	1.0	1.0	6.48899994418025	12.869999885559082	12.9779998883605	0.0	0.0
C2orf80	1.0	1.0	14.865499496459961	20.299999237060547	29.730998992919922	0.0	0.0
C2orf81	0.4717741935483871	0.4717741935483871	25.399999618530273	25.399999618530273	25.399999618530273	0.0	0.0
C2orf83	0.6451728094544595	0.6438141364656981	1.8586666584014893	3.181999921798706	5.575999975204468	0.0	1.0
C2orf88	0.5426829268292683	0.5426829268292683	0.00800000037997961	0.00800000037997961	0.00800000037997961	0.0	0.0
C2orf92	1.0	1.0	2.313999891281128	2.313999891281128	2.313999891281128	0.0	0.0
CAPG	0.8531848307611617	0.7433035714285714	11.15500020980835	15.930000305175781	22.3100004196167	0.0	0.0
CAPN10	0.5065052461080036	0.7514124293785311	3.850000062957406	7.64300012588501	7.700000125914812	0.0	0.0
CAPN13	0.5120481927710844	0.5120481927710844	0.27399998903274536	0.27399998903274536	0.27399998903274536	0.0	0.0
CAPN14	1.0	1.0	0.8489999771118164	0.8489999771118164	0.8489999771118164	0.0	0.0
CATIP	1.0	1.0	2.2820000648498535	2.2820000648498535	2.2820000648498535	0.0	0.0
CAVIN2	0.5217391304347826	0.5217391304347826	1.1690000295639038	1.1690000295639038	1.1690000295639038	0.0	0.0
CCDC138	1.0	1.0	6.796000003814697	6.796000003814697	6.796000003814697	0.0	0.0
CCDC141	0.5711168588741958	0.6427906976744185	8.546666781107584	12.460000038146973	25.640000343322754	0.0	0.0
CCDC148	1.0	1.0	11.619999885559082	11.619999885559082	11.619999885559082	0.0	0.0
CCDC74A	0.5	0.5	0.22499999403953552	0.22499999403953552	0.22499999403953552	0.0	0.0
CCDC74B	0.485206110264316	0.4853723404255319	0.17599999904632568	0.17800000309944153	0.35199999809265137	0.0	0.0
CCDC85A	0.47910579191726865	0.4755289815191888	18.00733296076457	23.899999618530273	54.0219988822937	0.0	0.0
CCNT2	0.44905940829676977	0.4387344766410408	4.807500123977661	5.89900016784668	9.615000247955322	0.0	0.0
CCT4	0.4	0.4	4.303999900817871	4.303999900817871	4.303999900817871	0.0	0.0
CD207	0.5012509449837603	0.6206298975286317	7.732249967753887	16.59000015258789	30.92899987101555	0.0	0.0
CD8B	1.0	1.0	14.319999694824219	14.319999694824219	14.319999694824219	0.0	0.0
CEBPZ	0.46263716928905196	0.6412398921832884	1.8303333843747776	3.242000102996826	5.491000153124332	0.0	0.0
CERKL	0.734882608897254	0.8347578347578347	11.13800048828125	17.8700008392334	33.41400146484375	0.0	0.0
CFAP221	0.9865156764144325	0.9954954954954954	6.3270001776206	18.940000534057617	18.9810005328618	0.0	0.0
CFAP36	1.0	1.0	10.729999542236328	10.729999542236328	10.729999542236328	0.0	0.0
CFAP65	1.0	1.0	0.4349999977275729	0.8429999947547913	0.8699999954551458	0.0	0.0
CGREF1	0.42313410534310253	0.41850845410628024	7.558333237965901	9.9399995803833	22.674999713897705	0.0	0.0
CHPF	0.6167878054226607	0.68498990554474	4.357999997834365	12.739999771118164	26.147999987006187	0.0	0.0
CHRNA1	0.4768211920529801	0.4768211920529801	10.239999771118164	10.239999771118164	10.239999771118164	0.0	0.0
CHRND	1.0	1.0	0.4580000042915344	0.4580000042915344	0.4580000042915344	0.0	0.0
CHST10	0.4606741573033708	0.4606741573033708	7.815999984741211	7.815999984741211	7.815999984741211	0.0	0.0
CIB4	1.0	1.0	17.829999923706055	17.829999923706055	17.829999923706055	0.0	0.0
CKAP2L	0.4348884943137592	0.717391304347826	2.668999946617987	5.336999893188477	5.337999893235974	0.0	0.0
CLASP1	0.4786729857819905	0.4786729857819905	9.604000091552734	9.604000091552734	9.604000091552734	0.0	0.0
CLHC1	0.6549942173402712	0.6716704618438722	12.055333058039347	22.399999618530273	36.16599917411804	0.0	0.0
CLIP4	0.4369038670851288	0.4367003367003367	7.536999940872192	7.605000019073486	15.073999881744385	0.0	0.0
CMPK2	1.0	1.0	7.388000011444092	7.388000011444092	7.388000011444092	0.0	0.0
CNOT11	0.5826086956521739	0.5826086956521739	1.9800000190734863	1.9800000190734863	1.9800000190734863	0.0	0.0
CNPPD1	1.0	1.0	7.110249912366271	13.699999809265137	28.440999649465084	0.0	0.0
CNRIP1	0.28974046240905793	0.2915360501567398	12.570000171661377	13.770000457763672	25.140000343322754	0.0	0.0
CNTNAP5	1.0	1.0	1.2059999704360962	1.2059999704360962	1.2059999704360962	0.0	0.0
COBLL1	0.625	0.625	15.399999618530273	15.399999618530273	15.399999618530273	0.0	0.0
COL3A1	0.7891560771325713	0.6561651276480174	8.059333324432373	14.25	24.17799997329712	0.0	0.0
COL4A3	0.7254191615183714	0.7366402063346257	5.8991667566200094	17.850000381469727	35.39500053972006	0.0	0.0
COL4A4	0.6706218774743373	0.5583701108210009	9.049222126603127	21.799999237060547	81.44299913942814	0.0	0.0
COL5A2	1.0	1.0	3.282000025113424	6.874000072479248	9.846000075340271	0.0	0.0
COL6A3	0.5426054382337775	0.5546475292069486	7.507399963564239	25.299999237060547	75.0739996356424	0.0	0.0
COPS9	1.0	1.0	0.1459999978542328	0.1459999978542328	0.1459999978542328	0.0	0.0
COQ10B	0.4723404255319149	0.4723404255319149	7.375	7.375	7.375	0.0	0.0
CPO	0.4799068481279965	0.49157561924414017	7.211499929428101	14.59000015258789	28.845999717712402	0.0	0.0
CPS1	1.0	1.0	6.939666748046875	8.704999923706055	20.819000244140625	0.0	0.0
CRIM1	0.5220588235294118	0.5220588235294118	0.07900000363588333	0.07900000363588333	0.07900000363588333	0.0	0.0
CROCC2	0.7495284777491098	0.8655952380952382	5.415571555894401	22.600000381469727	37.9090008912608	0.0	1.0
CRYBA2	0.6008064516129032	0.6008064516129032	12.40999984741211	12.40999984741211	12.40999984741211	0.0	0.0
CRYGB	0.4778855606587744	0.5023149439393094	7.980499774217606	15.729999542236328	15.960999548435211	0.0	0.0
CRYGD	0.7633014373904828	0.7338709677419355	6.998999834060669	7.7729997634887695	13.997999668121338	0.0	0.0
CTDSP1	0.5111111111111111	0.5111111111111111	2.128999948501587	2.128999948501587	2.128999948501587	0.0	0.0
CTLA4	0.5423728813559322	0.5423728813559322	0.46299999952316284	0.46299999952316284	0.46299999952316284	0.0	0.0
CTNNA2	0.5280898876404494	0.5280898876404494	8.501999855041504	8.501999855041504	8.501999855041504	0.0	0.0
CWC22	0.6458115159778024	0.6022365347866091	9.405499964952469	20.899999618530273	37.621999859809875	0.0	0.0
CXCR1	0.4909090909090909	0.4909090909090909	0.8259999752044678	0.8259999752044678	0.8259999752044678	0.0	0.0
CXCR2	0.5363636363636364	0.5363636363636364	0.03400000184774399	0.03400000184774399	0.03400000184774399	0.0	0.0
CYBRD1	0.46296296296296297	0.46296296296296297	0.12999999523162842	0.12999999523162842	0.12999999523162842	0.0	0.0
CYP1B1	0.5391393541676356	0.5169413189197104	5.257999956607819	8.947999954223633	21.031999826431274	0.0	0.0
CYP20A1	1.0	1.0	10.571499809622765	20.899999618530273	21.14299961924553	0.0	0.0
CYP26B1	0.5118483412322274	0.5118483412322274	14.680000305175781	14.680000305175781	14.680000305175781	0.0	0.0
D2HGDH	0.5489525065635706	0.5043859649122807	2.7145000621676445	5.2220001220703125	5.429000124335289	0.0	0.0
DAPL1	0.517401804239783	0.5175438596491229	24.699999809265137	24.899999618530273	49.39999961853027	0.0	0.0
DAW1	0.4576271186440678	0.4576271186440678	0.5559999942779541	0.5559999942779541	0.5559999942779541	0.0	0.0
DBI	1.0	1.0	8.73900032043457	8.73900032043457	8.73900032043457	0.0	0.0
DCAF17	0.47260600597069524	0.48573304329080685	8.369999885559082	11.15999984741211	16.739999771118164	0.0	0.0
DCDC2C	0.4570446735395189	0.4570446735395189	0.5640000104904175	0.5640000104904175	0.5640000104904175	0.0	0.0
DDX18	0.38525759072162946	0.40104166666666663	5.43500018119812	6.702000141143799	10.87000036239624	0.0	0.0
DES	0.47762507932819087	0.471295413980374	10.37599987089634	14.630000114440918	51.8799993544817	0.0	0.0
DHX57	0.4595861627736865	0.45847196121153333	5.162333349386851	7.872000217437744	15.487000048160553	0.0	0.0
DNAH6	1.0	1.0	3.8192000284790995	10.170000076293945	19.096000142395496	0.0	0.0
DNAH7	0.666384115356196	0.6826038631337202	10.670333395401636	24.5	64.02200037240982	0.0	0.0
DNAJC10	0.7266329007896078	0.8776595744680851	10.606500148773193	23.700000762939453	42.42600059509277	0.0	0.0
DNAJC27	1.0	1.0	1.2549999952316284	1.2549999952316284	1.2549999952316284	0.0	0.0
DNPEP	0.482987501660599	0.47889535774475256	10.128000259399414	11.0600004196167	20.256000518798828	0.0	0.0
DPP10	0.6629130575633722	0.6928104575163399	18.135000228881836	19.899999618530273	36.27000045776367	0.0	0.0
DPP4	0.49696969696969695	0.49696969696969695	16.780000686645508	16.780000686645508	16.780000686645508	0.0	0.0
DPYSL5	0.48660714285714285	0.48660714285714285	13.020000457763672	13.020000457763672	13.020000457763672	0.0	0.0
DRC1	1.0	1.0	20.519999504089355	23.799999237060547	41.03999900817871	0.0	0.0
DTNB	0.5357142857142857	0.5357142857142857	2.072000026702881	2.072000026702881	2.072000026702881	0.0	0.0
DTYMK	0.726855718732572	0.6995412844036697	1.1549999713897705	1.2599999904632568	2.309999942779541	0.0	0.0
DUSP11	0.987012987012987	0.987012987012987	10.539999961853027	10.539999961853027	10.539999961853027	0.0	0.0
DYSF	0.7053644080443622	0.6651709401709401	2.8098000198602677	6.4720001220703125	14.049000099301338	0.0	0.0
DYTN	0.4777152300083073	0.4981034623983632	4.5249998569488525	12.1899995803833	13.574999570846558	0.0	0.0
ECEL1	1.0	1.0	16.93000030517578	16.93000030517578	16.93000030517578	0.0	0.0
ECRG4	0.5121951219512195	0.5121951219512195	0.43799999356269836	0.43799999356269836	0.43799999356269836	0.0	0.0
EDAR	1.0	1.0	3.3784999400377274	6.415999889373779	6.756999880075455	0.0	0.0
EFHD1	0.4563758389261745	0.4563758389261745	6.432000160217285	6.432000160217285	6.432000160217285	0.0	0.0
EFR3B	0.5741104322142823	0.5815384615384616	3.9595000743865967	7.544000148773193	7.919000148773193	0.0	0.0
EHBP1	0.4	0.4	21.399999618530273	21.399999618530273	21.399999618530273	0.0	0.0
EIF2AK3	1.0	1.0	22.0	22.0	22.0	0.0	0.0
EML4	0.8020749841971716	0.8061348356573705	17.81333351135254	18.190000534057617	53.44000053405762	0.0	0.0
EML6	1.0	1.0	7.02649998664856	7.604000091552734	14.05299997329712	0.0	0.0
EPB41L5	1.0	1.0	6.388000011444092	6.388000011444092	6.388000011444092	0.0	0.0
EPCAM	0.9957983193277311	0.9957983193277311	13.510000228881836	13.510000228881836	13.510000228881836	0.0	0.0
ERICH2	0.6671568479658605	0.7049608355091384	1.7559999823570251	1.9809999465942383	3.5119999647140503	0.0	0.0
ESPNL	0.6050995014285641	0.6771087732584159	4.177866688952781	21.0	62.66800033429172	0.0	0.0
ETAA1	0.48052912901465045	0.4559727437074121	1.603000005086263	3.378000020980835	4.809000015258789	0.0	0.0
EVA1A	0.5663716814159292	0.5663716814159292	1.7940000295639038	1.7940000295639038	1.7940000295639038	0.0	0.0
FABP1	1.0	1.0	17.670000076293945	17.670000076293945	17.670000076293945	0.0	0.0
FAM110C	1.0	1.0	0.4790000021457672	0.4790000021457672	0.4790000021457672	0.0	0.0
FAM136A	0.47705184073991513	0.4718181818181818	0.30249999463558197	0.4959999918937683	0.6049999892711639	0.0	0.0
FAM161A	0.7306072784589257	0.8108614232209739	5.502999941507976	7.875	16.508999824523926	0.0	0.0
FAM166C	0.4988426920600912	0.4996231922768726	0.7524999976158142	0.9070000052452087	1.5049999952316284	0.0	0.0
FAM171B	0.514913887406912	0.504072271110279	7.331999838352203	12.899999618530273	14.663999676704407	0.0	0.0
FAM178B	0.7243056369855152	0.8461673329125464	3.4294999902291843	8.718999862670898	20.576999941375107	0.0	0.0
FAM228A	1.0	1.0	0.3059999942779541	0.3059999942779541	0.3059999942779541	0.0	0.0
FAM228B	1.0	1.0	4.89549994468689	5.796000003814697	9.79099988937378	0.0	0.0
FAM240C	1.0	1.0	1.6979999542236328	1.6979999542236328	1.6979999542236328	0.0	0.0
FARP2	1.0	1.0	23.450000762939453	23.700000762939453	46.900001525878906	0.0	0.0
FARSB	1.0	1.0	11.729999542236328	11.729999542236328	11.729999542236328	0.0	0.0
FASTKD1	0.458040455714512	0.8059071729957806	13.608999977819622	38.0	40.826999933458865	0.0	1.0
FBXO41	0.49606597867933194	0.5274122807017544	7.788000136613846	14.970000267028809	15.576000273227692	0.0	0.0
FEZ2	0.7148158393629211	0.7161060863011117	13.849499955773354	22.100000381469727	55.397999823093414	0.0	0.0
FHL2	0.4444444444444444	0.4444444444444444	0.210999995470047	0.210999995470047	0.210999995470047	0.0	0.0
FKBP1B	0.4838709677419355	0.4838709677419355	20.399999618530273	20.399999618530273	20.399999618530273	0.0	0.0
FMNL2	0.4530386740331492	0.4530386740331492	6.89300012588501	6.89300012588501	6.89300012588501	0.0	0.0
FN1	0.8667368464308105	0.6978397547342354	10.977142883198601	20.899999618530273	76.84000018239021	0.0	0.0
FOXN2	0.5	0.5	6.007999897003174	6.007999897003174	6.007999897003174	0.0	0.0
FRZB	0.46634615384615385	0.46634615384615385	22.200000762939453	22.200000762939453	22.200000762939453	0.0	0.0
FSIP2	0.8907413757119147	0.6385947151080218	3.79990007141605	16.530000686645508	37.9990007141605	0.0	0.0
FZD5	1.0	1.0	6.690000057220459	6.690000057220459	6.690000057220459	0.0	0.0
G6PC2	0.4613874471752983	0.4648455688343939	8.43850028514862	13.520000457763672	16.87700057029724	0.0	0.0
GAD1	0.9987562189054726	0.9987562189054726	9.420000076293945	9.420000076293945	9.420000076293945	0.0	0.0
GALNT14	0.5382826903778782	0.5288309451100148	15.175000190734863	22.600000381469727	30.350000381469727	0.0	0.0
GALNT5	0.49279538904899134	0.49279538904899134	0.3409999907016754	0.3409999907016754	0.3409999907016754	0.0	0.0
GAREM2	1.0	1.0	10.3580002784729	13.5600004196167	20.7160005569458	0.0	0.0
GCC2	0.9238329338831354	0.7170542635658914	7.678499937057495	13.289999961853027	15.35699987411499	0.0	0.0
GCFC2	0.5	0.5	15.779999732971191	15.779999732971191	15.779999732971191	0.0	0.0
GDF7	1.0	1.0	6.797999858856201	6.797999858856201	6.797999858856201	0.0	0.0
GEN1	0.47060140288063956	0.6079142396505097	5.580500024807407	10.960000038146973	22.322000099229626	0.0	0.0
GGCX	0.4747252747252747	0.4747252747252747	10.050000190734863	10.050000190734863	10.050000190734863	0.0	0.0
GIGYF2	0.504424778761062	0.504424778761062	5.861999988555908	5.861999988555908	5.861999988555908	0.0	0.0
GLI2	0.5923770918535607	0.8508425595667622	5.986000123433769	28.700000762939453	35.91600074060261	0.0	0.0
GNLY	0.47619047619047616	0.47619047619047616	5.409999847412109	5.409999847412109	5.409999847412109	0.0	0.0
GORASP2	1.0	1.0	0.8939999938011169	0.8939999938011169	0.8939999938011169	0.0	0.0
GPATCH11	1.0	1.0	5.290999889373779	5.290999889373779	5.290999889373779	0.0	0.0
GPC1	0.4774647152258892	0.47666356161103757	3.2967499997466803	6.545000076293945	13.186999998986721	0.0	0.0
GPD2	0.49319308200067574	0.5052123061276379	9.61299991607666	13.899999618530273	19.22599983215332	0.0	0.0
GPR1	0.5061247030851995	0.470903165735568	10.573500275611877	17.440000534057617	21.147000551223755	0.0	0.0
GPR148	0.6724893730120998	0.7403846153846154	8.624500036239624	10.880000114440918	17.249000072479248	0.0	0.0
GPR35	0.5008223127417045	0.5061669527624134	4.4994999170303345	6.7179999351501465	8.998999834060669	0.0	0.0
GPR39	0.5256296081598444	0.5166168815577011	8.788333336512247	18.75	26.365000009536743	0.0	0.0
GPR45	0.5030674846625767	0.5030674846625767	25.399999618530273	25.399999618530273	25.399999618530273	0.0	0.0
GPR55	0.46798029556650245	0.46798029556650245	0.8320000171661377	0.8320000171661377	0.8320000171661377	0.0	0.0
GRB14	0.7363099791168485	0.720108695652174	17.53499984741211	18.549999237060547	35.06999969482422	0.0	0.0
GREB1	0.5031132024266324	0.6868246038602497	3.229200052469969	8.788000106811523	16.146000262349844	0.0	1.0
GTDC1	0.5866666666666667	0.5866666666666667	8.026000022888184	8.026000022888184	8.026000022888184	0.0	0.0
GTF2A1L	0.5736067986345623	0.7098765432098766	6.0304999351501465	8.86299991607666	12.060999870300293	0.0	0.0
HAAO	0.4523440324305449	0.45311137331349716	11.326500177383423	15.050000190734863	22.653000354766846	0.0	0.0
HAT1	1.0	1.0	8.539999961853027	8.539999961853027	8.539999961853027	0.0	0.0
HDAC4	0.4491017964071856	0.4491017964071856	6.068999767303467	6.068999767303467	6.068999767303467	0.0	0.0
HEATR5B	0.6612422011372574	0.7236421725239617	2.6130000352859497	3.203000068664551	5.226000070571899	0.0	0.0
HECW2	1.0	1.0	1.0259999702684581	2.0369999408721924	2.0519999405369163	0.0	0.0
HES6	0.5645161290322581	0.5645161290322581	10.260000228881836	10.260000228881836	10.260000228881836	0.0	0.0
HIBCH	0.5179524760108372	0.5178926365066574	15.695000171661377	15.84000015258789	31.390000343322754	0.0	0.0
HJURP	0.6038222813829686	0.7352085879227106	7.532166772056371	17.860000610351562	45.193000632338226	0.0	0.0
HK2	1.0	1.0	3.979000002145767	8.960000038146973	11.937000006437302	0.0	0.0
HOXD10	0.47674418604651164	0.47674418604651164	10.140000343322754	10.140000343322754	10.140000343322754	0.0	0.0
HOXD12	0.4334200480446656	0.4495959457608547	17.1850004196167	24.100000381469727	34.3700008392334	0.0	0.0
HOXD3	0.4883720930232558	0.4883720930232558	11.260000228881836	11.260000228881836	11.260000228881836	0.0	0.0
HS1BP3	0.5179242148980503	0.649668596358755	0.33066665815810364	0.9279999732971191	0.9919999744743109	0.0	0.0
HS6ST1	0.3800743938793695	0.41129032258064513	17.604999542236328	23.799999237060547	35.209999084472656	1.0	0.0
HSPD1	0.7234783068574422	0.7684210526315789	10.895500183105469	13.010000228881836	21.791000366210938	0.0	0.0
HTRA2	0.536144578313253	0.536144578313253	27.200000762939453	27.200000762939453	27.200000762939453	1.0	0.0
IDH1	0.492809425712693	0.4695187165775401	16.46150016784668	23.100000381469727	32.92300033569336	0.0	0.0
IFIH1	0.49195797315754564	0.5002231091499542	14.244999885559082	17.81999969482422	28.489999771118164	0.0	0.0
IGFBP5	1.0	1.0	6.03000020980835	6.03000020980835	6.03000020980835	0.0	0.0
IHH	1.0	1.0	3.0475001335144043	4.806000232696533	6.095000267028809	0.0	0.0
IL18R1	1.0	1.0	5.598999977111816	5.598999977111816	5.598999977111816	0.0	0.0
IL1A	0.5147058823529411	0.5147058823529411	22.399999618530273	22.399999618530273	22.399999618530273	0.0	0.0
IL1B	0.5040322580645161	0.5040322580645161	2.130000114440918	2.130000114440918	2.130000114440918	0.0	0.0
IL1F10	0.5018000851057893	0.503242381866077	16.885000228881836	18.59000015258789	33.77000045776367	0.0	0.0
IL1RN	0.5681818181818182	0.5681818181818182	0.16200000047683716	0.16200000047683716	0.16200000047683716	0.0	0.0
IL36A	1.0	1.0	0.006000000052154064	0.006000000052154064	0.006000000052154064	0.0	0.0
IL37	0.4507067522421728	0.450535641382655	8.024200076237321	14.920000076293945	40.121000381186604	0.0	0.0
IMMT	1.0	1.0	0.22599999606609344	0.22599999606609344	0.22599999606609344	0.0	0.0
IMP4	0.45686900958466453	0.45686900958466453	2.3399999141693115	2.3399999141693115	2.3399999141693115	0.0	0.0
ING5	0.5028571428571429	0.5028571428571429	8.824999809265137	8.824999809265137	8.824999809265137	0.0	0.0
INHA	0.5098039215686274	0.5098039215686274	0.5799999833106995	0.5799999833106995	0.5799999833106995	0.0	0.0
INO80D	0.4949197676240268	0.4971402911703535	11.045666774113974	15.460000038146973	33.13700032234192	0.0	0.0
INPP1	0.8725076514712637	0.8686868686868687	6.9079999923706055	7.5920000076293945	27.631999969482422	0.0	0.0
INPP5D	0.46815093943064157	0.46510855982505467	7.857999801635742	9.175999641418457	15.715999603271484	0.0	0.0
IQCA1	1.0	1.0	6.710000038146973	6.710000038146973	6.710000038146973	0.0	0.0
ITGA4	0.5825344819814652	0.7426495241534057	2.3867499819025397	7.566999912261963	9.546999927610159	0.0	0.0
ITGAV	1.0	1.0	15.989999771118164	15.989999771118164	15.989999771118164	0.0	0.0
ITGB6	1.0	1.0	3.603999972343445	4.85699987411499	7.20799994468689	0.0	0.0
ITPRID2	0.48097101253638347	0.48315847284967667	16.47333335876465	19.75	49.420000076293945	0.0	0.0
ITSN2	1.0	1.0	14.245333433151245	25.0	42.736000299453735	0.0	0.0
KCNE4	1.0	1.0	4.776999846100807	8.852999687194824	14.330999538302422	0.0	0.0
KCNF1	1.0	1.0	5.834499835968018	9.649999618530273	11.668999671936035	0.0	0.0
KCNH7	0.583710407239819	0.583710407239819	0.11900000274181366	0.11900000274181366	0.11900000274181366	0.0	0.0
KCNJ13	0.47474747474747475	0.47474747474747475	11.289999961853027	11.289999961853027	11.289999961853027	0.0	0.0
KCNJ3	0.44776119402985076	0.44776119402985076	5.288000106811523	5.288000106811523	5.288000106811523	0.0	0.0
KCNK12	0.4690265486725664	0.4690265486725664	6.611000061035156	6.611000061035156	6.611000061035156	0.0	0.0
KCNS3	0.5130391954814737	0.62296918767507	9.934666792551676	18.760000228881836	29.80400037765503	0.0	0.0
KCTD18	0.5285714285714286	0.5285714285714286	5.979000091552734	5.979000091552734	5.979000091552734	0.0	0.0
KDM3A	0.37799344862055684	0.380718954248366	12.40999984741211	16.549999237060547	24.81999969482422	0.0	0.0
KHK	0.5562913907284768	0.5562913907284768	20.799999237060547	20.799999237060547	20.799999237060547	0.0	0.0
KIAA1841	1.0	1.0	7.429999828338623	7.429999828338623	7.429999828338623	0.0	0.0
KIAA2012	0.42	0.42	0.09399999678134918	0.09399999678134918	0.09399999678134918	0.0	0.0
KIDINS220	0.5076142131979695	0.5076142131979695	13.640000343322754	13.640000343322754	13.640000343322754	0.0	0.0
KLF11	1.0	1.0	0.5899999737739563	0.5899999737739563	0.5899999737739563	0.0	0.0
KLF7	1.0	1.0	5.2784998416900635	7.798999786376953	10.556999683380127	0.0	0.0
KLHL23	0.5637849599332745	0.6865671641791045	3.54449999332428	4.933000087738037	7.08899998664856	0.0	0.0
KLHL29	0.4784661351979478	0.4867148672152986	6.567666689554851	8.470000267028809	19.70300006866455	0.0	0.0
KLHL30	0.5337559200014126	0.6860223236935565	5.477000045776367	12.329999923706055	27.385000228881836	0.0	0.0
KYNU	0.4444444444444444	0.4444444444444444	13.0	13.0	13.0	0.0	0.0
LAPTM4A	0.45454545454545453	0.45454545454545453	6.627999782562256	6.627999782562256	6.627999782562256	0.0	0.0
LBX2	1.0	1.0	2.4210000038146973	2.4210000038146973	2.4210000038146973	0.0	0.0
LCT	1.0	1.0	4.557166668275992	14.079999923706055	27.343000009655952	0.0	0.0
LHCGR	1.0	1.0	7.831000208854675	12.350000381469727	15.66200041770935	0.0	0.0
LIMS1	0.6	0.6	9.317999839782715	9.317999839782715	9.317999839782715	0.0	0.0
LIMS2	0.3783783783783784	0.3783783783783784	10.850000381469727	10.850000381469727	10.850000381469727	0.0	0.0
LIPT1	1.0	1.0	3.5385000109672546	5.625	7.077000021934509	0.0	0.0
LNPK	0.6470588235294118	0.6470588235294118	1.8660000562667847	1.8660000562667847	1.8660000562667847	0.0	0.0
LONRF2	0.6276549442818262	0.6284880124837449	9.485499858856201	15.149999618530273	75.88399887084961	0.0	0.0
LPIN1	0.5050294366173245	0.6511003757380568	9.550000260273615	24.700000762939453	28.650000780820847	0.0	0.0
LRP1B	0.6404734444765603	0.5801719206116761	4.867399978637695	7.923999786376953	24.336999893188477	0.0	0.0
LRP2	0.7792940630667291	0.6631265381922611	7.35193337922295	22.399999618530273	110.27900068834424	0.0	0.0
LRPPRC	0.44036697247706424	0.44036697247706424	0.010999999940395355	0.010999999940395355	0.010999999940395355	0.0	0.0
LTBP1	0.9760864065432643	0.9053435114503816	7.417800065875054	18.520000457763672	37.08900032937527	0.0	0.0
LY75	0.5715912512952853	0.6294279960998406	10.63400020202001	20.200000762939453	63.804001212120056	0.0	0.0
MAB21L4	0.710496196716841	0.5575601773225175	5.270857176610401	15.039999961853027	36.89600023627281	0.0	0.0
MAP3K19	0.46800360070945957	0.48661790017211703	10.71850037574768	16.450000762939453	21.43700075149536	0.0	0.0
MAP4K3	0.7595879344900568	0.7307692307692308	8.407999753952026	9.307999610900879	16.815999507904053	0.0	0.0
MAPRE3	1.0	1.0	0.39100000262260437	0.39100000262260437	0.39100000262260437	0.0	0.0
MARCHF4	0.5089285714285714	0.5089285714285714	0.2529999911785126	0.2529999911785126	0.2529999911785126	0.0	0.0
MARCHF7	0.5560407856868593	0.6172570692079362	14.213500142097473	21.200000762939453	56.85400056838989	0.0	0.0
MAT2A	0.4433497536945813	0.4433497536945813	10.550000190734863	10.550000190734863	10.550000190734863	0.0	0.0
MATN3	0.44143803130626147	0.4797906790304834	3.3119999368985495	7.97599983215332	9.935999810695648	0.0	0.0
MCEE	1.0	1.0	0.10899999737739563	0.10899999737739563	0.10899999737739563	0.0	0.0
MERTK	0.5330854731787964	0.545391768460438	0.06499999792625506	0.16599999368190765	0.1949999937787652	0.0	0.0
METTL21A	1.0	1.0	7.6473332444826765	18.989999771118164	22.94199973344803	0.0	0.0
MFF	0.5376936043944373	0.47372372372372373	1.154499962925911	2.056999921798706	2.308999925851822	0.0	0.0
MFSD6	0.5055555555555555	0.5055555555555555	8.036999702453613	8.036999702453613	8.036999702453613	0.0	0.0
MFSD9	0.5294117647058824	0.5294117647058824	0.29899999499320984	0.29899999499320984	0.29899999499320984	0.0	0.0
MLPH	0.4905044043281698	0.5121588809826417	0.3842000044882298	1.0570000410079956	1.9210000224411488	0.0	0.0
MMADHC	1.0	1.0	1.7580000162124634	1.7580000162124634	1.7580000162124634	0.0	0.0
MPP4	1.0	1.0	14.399999618530273	14.399999618530273	14.399999618530273	0.0	0.0
MREG	0.5294551020707574	0.5161064425770308	7.207000136375427	13.180000305175781	14.414000272750854	0.0	0.0
MROH2A	0.6917960117262575	0.6928409799312212	7.855266523361206	25.799999237060547	117.82899785041809	0.0	0.0
MRPL30	1.0	1.0	0.0885000005364418	0.11100000143051147	0.1770000010728836	0.0	0.0
MRPL35	1.0	1.0	17.56999969482422	17.56999969482422	17.56999969482422	0.0	0.0
MRPS9	1.0	1.0	3.4549999237060547	3.4549999237060547	3.4549999237060547	0.0	0.0
MSGN1	0.44175539948604614	0.4622951868919611	5.543000082174937	8.869000434875488	16.62900024652481	0.0	0.0
MSH6	0.6553645779684673	0.583244301994302	5.7775002010166645	9.468000411987305	23.110000804066658	0.0	0.0
MTIF2	1.0	1.0	3.2119998820126057	6.318999767303467	6.423999764025211	0.0	0.0
MYO1B	1.0	1.0	10.135000228881836	10.140000343322754	20.270000457763672	0.0	0.0
MYO3B	0.6961164958914342	0.7310997076588888	5.936750056920573	17.0	47.494000455364585	0.0	0.0
MYO7B	0.4424152423854134	0.4511382563532192	7.639499793450038	19.799999237060547	45.836998760700226	0.0	0.0
MYT1L	1.0	1.0	0.19449999928474426	0.2290000021457672	0.3889999985694885	0.0	0.0
NAGK	0.7173187783087978	0.7213930348258706	8.855499744415283	8.984999656677246	17.710999488830566	0.0	0.0
NAT8B	1.0	1.0	4.8169998824596405	13.359999656677246	14.450999647378922	0.0	0.0
NBAS	0.4888570687901466	0.44668734575824925	4.8888000814244155	15.970000267028809	24.444000407122076	0.0	0.0
NBEAL1	0.6378797227468388	0.7131147540983607	17.34999990463257	21.899999618530273	34.69999980926514	0.0	0.0
NCKAP1	1.0	1.0	2.0880000591278076	2.0880000591278076	2.0880000591278076	0.0	0.0
NCKAP5	0.5257626286280895	0.5004364750104604	3.397888880636957	13.529999732971191	30.580999925732613	0.0	0.0
NCOA1	1.0	1.0	7.259999752044678	8.696999549865723	14.519999504089355	0.0	0.0
NDUFA10	0.6870914748588308	0.7786885245901639	2.1104999780654907	2.9839999675750732	4.2209999561309814	0.0	0.0
NDUFS1	0.46874434013227906	0.46946333171442445	10.123000144958496	11.680000305175781	20.246000289916992	0.0	0.0
NEB	0.778240437066255	0.700218018969084	12.60349992631624	24.299999237060547	151.2419991157949	0.0	0.0
NEMP2	0.484	0.484	1.9049999713897705	1.9049999713897705	1.9049999713897705	0.0	0.0
NEU2	0.5628035265261758	0.5243316543975204	1.244500033557415	2.4070000648498535	2.48900006711483	0.0	0.0
NEU4	1.0	1.0	0.03999999910593033	0.03999999910593033	0.03999999910593033	0.0	0.0
NEUROD1	1.0	1.0	11.109999656677246	11.109999656677246	11.109999656677246	0.0	0.0
NFU1	0.44339622641509435	0.44339622641509435	7.538000106811523	7.538000106811523	7.538000106811523	0.0	0.0
NGEF	0.991045018460262	0.6863715207563789	0.561000000530233	1.6480000019073486	1.683000001590699	0.0	0.0
NMS	1.0	1.0	0.12200000137090683	0.12200000137090683	0.12200000137090683	0.0	0.0
NOSTRIN	0.4948811024507795	0.4825413638189854	9.020500153303146	17.18000030517578	18.041000306606293	0.0	0.0
NOTO	0.4	0.4	0.210999995470047	0.210999995470047	0.210999995470047	0.0	0.0
NRP2	0.9785282939357709	0.6957964601769911	4.816999837756157	9.293999671936035	9.633999675512314	0.0	0.0
NRXN1	1.0	1.0	19.09000015258789	19.09000015258789	19.09000015258789	0.0	0.0
NT5DC4	0.9991620620670414	0.7263843648208469	9.469499923288822	18.90999984741211	18.938999846577644	0.0	0.0
NTSR2	1.0	1.0	7.1519999504089355	7.1519999504089355	7.1519999504089355	0.0	0.0
NXPH2	0.9966101694915255	0.9966101694915255	1.8459999561309814	1.8459999561309814	1.8459999561309814	0.0	0.0
NYAP2	0.9753568778737348	0.8260869565217391	5.504666504605363	15.729999542236328	16.51399951381609	0.0	0.0
OBSL1	0.6213888784457471	0.7079804359607004	5.6418460610215195	23.799999237060547	73.34399879327975	0.0	0.0
OR6B2	0.670330833230621	0.667716535433071	25.299999237060547	25.799999237060547	50.599998474121094	0.0	0.0
OR6B3	0.7832656814994243	0.6494252873563218	9.703249752521515	21.799999237060547	38.81299901008606	0.0	0.0
ORC4	0.5163265306122449	0.5163265306122449	18.049999237060547	18.049999237060547	18.049999237060547	0.0	0.0
OSBPL6	1.0	1.0	9.83899974822998	9.83899974822998	9.83899974822998	0.0	0.0
OSGEPL1	1.0	1.0	0.03999999910593033	0.03999999910593033	0.03999999910593033	0.0	0.0
OTOF	0.5283537237595914	0.7563092935433361	6.962833212067683	21.5	41.7769992724061	0.0	0.0
OXER1	0.4831473636239211	0.5074596109462578	2.773000046610832	7.610000133514404	8.319000139832497	0.0	0.0
PAIP2B	0.3511450381679389	0.3511450381679389	5.002999782562256	5.002999782562256	5.002999782562256	0.0	0.0
PARD3B	0.44051376229600936	0.5391100081917669	4.777000109354655	15.850000381469727	28.66200065612793	0.0	0.0
PASK	0.5540242553085318	0.5032150776053215	1.4374999478459358	2.7019999027252197	2.8749998956918716	0.0	0.0
PAX3	1.0	1.0	2.3940000534057617	2.3940000534057617	2.3940000534057617	0.0	0.0
PCARE	0.4764435325466588	0.48915677053371975	11.545500187203288	23.0	46.18200074881315	0.0	0.0
PDCD1	1.0	1.0	0.09000000357627869	0.09000000357627869	0.09000000357627869	0.0	0.0
PDCL3	0.38235294117647056	0.38235294117647056	11.630000114440918	11.630000114440918	11.630000114440918	0.0	0.0
PDE11A	1.0	1.0	12.23200011253357	19.020000457763672	24.46400022506714	0.0	0.0
PDIA6	0.4885712717815789	0.4884180187407801	11.40500005086263	21.0	34.21500015258789	0.0	0.0
PER2	0.5445544554455446	0.5445544554455446	0.43700000643730164	0.43700000643730164	0.43700000643730164	0.0	0.0
PFN4	0.6792677144783246	0.6475911730545877	4.638333300749461	7.460000038146973	13.914999902248383	0.0	0.0
PGAP1	0.4878048780487805	0.4878048780487805	7.651000022888184	7.651000022888184	7.651000022888184	0.0	0.0
PIGF	0.44329896907216493	0.44329896907216493	6.925000190734863	6.925000190734863	6.925000190734863	0.0	0.0
PIKFYVE	0.8842474516173303	0.8672813036020584	8.928166800178587	17.170000076293945	107.13800160214305	0.0	0.0
PLA2R1	0.46193571813957907	0.5264833630580433	5.580799986422062	14.760000228881836	27.90399993211031	0.0	0.0
PLB1	0.4950457125069606	0.5012164146142046	5.5185000048950315	21.0	22.074000019580126	0.0	0.0
PLCD4	0.5067178502879078	0.5067178502879078	7.47599983215332	7.47599983215332	7.47599983215332	0.0	0.0
PLCL1	0.8946189913961513	0.7222222222222222	16.59849977493286	26.899999618530273	33.19699954986572	0.0	0.0
PLEKHA3	0.4991364421416235	0.4991364421416235	0.597000002861023	0.597000002861023	0.597000002861023	0.0	0.0
PLEKHM3	0.9930904631315041	0.7165898617511521	2.3789999037981033	4.699999809265137	4.757999807596207	0.0	0.0
PNPT1	1.0	1.0	17.104999542236328	22.299999237060547	34.209999084472656	0.0	0.0
POLR1A	0.49120304358968886	0.8708333333333333	5.432749906554818	21.399999618530273	21.730999626219273	0.0	0.0
POLR1B	0.532258064516129	0.532258064516129	0.18000000715255737	0.18000000715255737	0.18000000715255737	0.0	0.0
POTEE	0.40188014009034334	0.6830985915492958	10.861500024795532	20.5	21.723000049591064	1.0	0.0
POTEF	0.6893665666781688	0.6741361889617703	8.365999952657148	18.90999984741211	66.92799962125719	1.0	0.0
POTEI	0.9403465847370617	0.9761904761904763	6.889000145097573	17.260000228881836	41.33400087058544	1.0	0.0
POTEJ	0.5345666221537003	0.42345679012345677	9.18150007724762	14.960000038146973	18.36300015449524	0.0	0.0
POU3F3	0.5	0.5	11.899999618530273	11.899999618530273	11.899999618530273	0.0	0.0
PPIG	0.5144508670520231	0.5144508670520231	18.6299991607666	18.6299991607666	18.6299991607666	0.0	0.0
PPP1R21	0.41437442310579775	0.42979094076655056	10.452000141143799	12.670000076293945	20.904000282287598	0.0	0.0
PPP4R3B	1.0	1.0	0.020999999716877937	0.020999999716877937	0.020999999716877937	0.0	0.0
PREB	0.4680483592400691	0.4680483592400691	19.5	19.5	19.5	0.0	0.0
PRKAG3	0.5274725274725275	0.5274725274725275	16.299999237060547	16.299999237060547	16.299999237060547	0.0	0.0
PRKCE	0.625	0.625	8.057999610900879	8.057999610900879	8.057999610900879	0.0	0.0
PRKD3	0.48129676155533774	0.47895084187948833	6.804500102996826	7.781000137329102	13.609000205993652	0.0	0.0
PRKRA	0.3775429369975528	0.37818875617447395	18.756666978200276	27.600000381469727	56.27000093460083	0.0	0.0
PROC	0.5571428571428572	0.5571428571428572	3.2929999828338623	3.2929999828338623	3.2929999828338623	0.0	0.0
PROM2	1.0	1.0	1.315999984741211	1.315999984741211	1.315999984741211	0.0	0.0
PRSS56	1.0	1.0	10.907999992370605	15.84000015258789	32.723999977111816	0.0	0.0
PSD4	1.0	1.0	4.678250007331371	10.510000228881836	18.713000029325485	0.0	0.0
PSME4	0.6498753534610231	0.6799205899035734	9.561400079354645	21.700000762939453	47.80700039677322	0.0	0.0
PTH2R	0.5655137732013766	0.7215686274509804	5.055499911308289	7.888999938964844	10.110999822616577	0.0	0.0
PUS10	1.0	1.0	7.13100004196167	7.13100004196167	7.13100004196167	0.0	0.0
PXDN	0.4628464099700474	0.4913289259365718	3.654666632413864	6.699999809265137	10.963999897241592	0.0	0.0
RAB11FIP5	0.9967420812804298	0.7692307692307692	6.374999925494194	12.65999984741211	12.749999850988388	0.0	0.0
RAB17	0.4714285714285714	0.4714285714285714	6.775000095367432	6.775000095367432	6.775000095367432	0.0	0.0
RAB6C	0.44324586734858573	0.44762323943661975	12.845499753952026	18.399999618530273	25.690999507904053	0.0	0.0
RAD51AP2	1.0	1.0	3.100000023841858	3.1489999294281006	6.200000047683716	0.0	0.0
RANBP2	1.0	1.0	3.9170000553131104	3.9170000553131104	3.9170000553131104	0.0	0.0
RAPH1	1.0	1.0	4.960000038146973	8.670000076293945	9.920000076293945	0.0	0.0
REEP1	0.42570281124497994	0.42570281124497994	2.049999952316284	2.049999952316284	2.049999952316284	0.0	0.0
REG3G	1.0	1.0	0.5299999713897705	0.5299999713897705	0.5299999713897705	0.0	0.0
RESP18	0.528892935076041	0.5247607655502393	7.075999975204468	9.595999717712402	14.151999950408936	0.0	0.0
RETREG2	1.0	1.0	8.72599983215332	8.72599983215332	8.72599983215332	0.0	0.0
RFTN2	0.779358110523843	0.7308823529411765	5.8374998569488525	6.888999938964844	11.674999713897705	0.0	0.0
RFX8	0.6703095436728486	0.7480314960629921	19.56500005722046	25.600000381469727	39.13000011444092	0.0	1.0
RGPD4	1.0	1.0	4.294000148773193	4.294000148773193	4.294000148773193	0.0	0.0
RGPD5	0.6666666666666666	0.6666666666666666	9.961999893188477	9.961999893188477	9.961999893188477	0.0	0.0
RIF1	0.48646597099368927	0.49011413769787	2.7123999685049056	6.818999767303467	13.561999842524529	0.0	0.0
RMDN2	0.5277777777777778	0.5277777777777778	5.021999835968018	5.021999835968018	5.021999835968018	0.0	0.0
RMND5A	0.5128205128205128	0.5128205128205128	8.378000259399414	8.378000259399414	8.378000259399414	0.0	0.0
RNF144A	1.0	1.0	17.59000015258789	17.59000015258789	17.59000015258789	0.0	0.0
RNF149	1.0	1.0	0.017999999225139618	0.017999999225139618	0.017999999225139618	0.0	0.0
RPE	0.42105263157894735	0.42105263157894735	9.0600004196167	9.0600004196167	9.0600004196167	0.0	0.0
RRM2	0.7409042442394704	0.781524926686217	3.5390000343322754	4.197000026702881	7.078000068664551	0.0	0.0
RTP5	1.0	1.0	15.050000190734863	15.050000190734863	15.050000190734863	0.0	0.0
SAG	0.45993031358885017	0.45993031358885017	1.687000036239624	1.687000036239624	1.687000036239624	0.0	0.0
SCLY	0.46648500440432394	0.48062015503875966	7.744999885559082	11.779999732971191	15.489999771118164	0.0	0.0
SCN1A	0.4562828177664646	0.46954392101484815	3.4276666343212128	7.454999923706055	10.282999902963638	0.0	0.0
SCN3A	0.5067873303167421	0.5067873303167421	16.010000228881836	16.010000228881836	16.010000228881836	0.0	0.0
SCN7A	0.5186034210430932	0.838006230529595	5.158666642382741	15.329999923706055	15.475999927148223	0.0	0.0
SCN9A	0.4693333534207124	0.4757964578862473	7.843000024557114	14.210000038146973	62.74400019645691	0.0	0.0
SCTR	1.0	1.0	0.054999999701976776	0.054999999701976776	0.054999999701976776	0.0	0.0
SDC1	0.9955165351870637	0.7679558011049723	2.3289999589323997	4.61299991607666	4.6579999178647995	0.0	0.0
SELENOI	1.0	1.0	9.277000427246094	9.277000427246094	9.277000427246094	0.0	0.0
SEMA4C	0.4620253164556962	0.4620253164556962	1.1490000486373901	1.1490000486373901	1.1490000486373901	0.0	0.0
SEMA4F	0.5229357798165137	0.5229357798165137	0.35600000619888306	0.35600000619888306	0.35600000619888306	0.0	0.0
SESTD1	0.5233644859813084	0.5233644859813084	8.52299976348877	8.52299976348877	8.52299976348877	0.0	0.0
SF3B1	1.0	1.0	9.488333702087402	11.100000381469727	28.465001106262207	0.0	0.0
SFT2D3	0.4473684210526316	0.4473684210526316	7.201000213623047	7.201000213623047	7.201000213623047	0.0	0.0
SFTPB	0.5495049504950495	0.5495049504950495	14.630000114440918	14.630000114440918	14.630000114440918	0.0	0.0
SGO2	0.48289103253673	0.46831005014757515	7.481749892234802	15.239999771118164	29.92699956893921	0.0	0.0
SGPP2	1.0	1.0	1.3240000009536743	1.3240000009536743	1.3240000009536743	0.0	0.0
SH3RF3	0.5144927536231884	0.5144927536231884	23.600000381469727	23.600000381469727	23.600000381469727	0.0	0.0
SH3YL1	0.47929936305732485	0.47929936305732485	11.760000228881836	11.760000228881836	11.760000228881836	0.0	0.0
SIX3	0.5170454545454546	0.5170454545454546	12.550000190734863	12.550000190734863	12.550000190734863	0.0	0.0
SLC11A1	1.0	1.0	0.6740000247955322	0.6740000247955322	0.6740000247955322	0.0	0.0
SLC16A14	0.5108695652173914	0.5108695652173914	8.970000267028809	8.970000267028809	8.970000267028809	0.0	0.0
SLC19A3	0.575	0.575	8.237000465393066	8.237000465393066	8.237000465393066	0.0	0.0
SLC1A4	0.45714285714285713	0.45714285714285713	15.3100004196167	15.3100004196167	15.3100004196167	0.0	0.0
SLC20A1	1.0	1.0	7.60699987411499	7.60699987411499	7.60699987411499	0.0	0.0
SLC25A12	0.6058394160583942	0.6058394160583942	4.9629998207092285	4.9629998207092285	4.9629998207092285	0.0	0.0
SLC3A1	0.5352340432372886	0.5147834274952919	2.975000023841858	3.7960000038146973	5.950000047683716	0.0	0.0
SLC4A10	0.5179856115107914	0.5179856115107914	8.45300006866455	8.45300006866455	8.45300006866455	0.0	1.0
SLC4A1AP	0.5192307692307693	0.5192307692307693	8.819000244140625	8.819000244140625	8.819000244140625	0.0	0.0
SLC4A3	0.5593002310011329	0.5883905267295597	5.849750109016895	9.449000358581543	23.39900043606758	0.0	0.0
SLC4A5	0.5894822041732539	0.6051612903225806	4.335999965667725	4.927999973297119	8.67199993133545	0.0	0.0
SLC5A6	1.0	1.0	11.529000282287598	16.520000457763672	23.058000564575195	0.0	0.0
SLC8A1	0.49612403100775193	0.49612403100775193	19.809999465942383	19.809999465942383	19.809999465942383	0.0	0.0
SLC9A4	1.0	1.0	1.3124999580904841	2.61299991607666	2.6249999161809683	0.0	0.0
SMARCAL1	0.47368421052631576	0.47368421052631576	24.399999618530273	24.399999618530273	24.399999618530273	0.0	0.0
SMC6	0.43045112781954886	0.43045112781954886	15.699999809265137	15.699999809265137	15.699999809265137	0.0	0.0
SMPD4	0.3684210526315789	0.3684210526315789	7.747000217437744	7.747000217437744	7.747000217437744	0.0	0.0
SMYD1	0.4503127587194397	0.4276792673978652	6.345499999821186	11.579999923706055	25.381999999284744	0.0	0.0
SNTG2	0.5274312540886731	0.4377821360213001	8.509499803185463	22.899999618530273	34.03799921274185	0.0	0.0
SOCS5	0.5	0.5	6.935999870300293	6.935999870300293	6.935999870300293	0.0	0.0
SOWAHC	1.0	1.0	9.829999923706055	10.569999694824219	19.65999984741211	0.0	0.0
SP100	0.9798391917396831	0.8263157894736842	0.49966666963882744	1.4390000104904175	1.4990000089164823	0.0	0.0
SP110	0.4812268205007496	0.6426930208595296	3.6769999116659164	15.399999618530273	22.0619994699955	0.0	0.0
SP140	0.5164575126210342	0.7130177514792899	0.6665000095963478	1.1230000257492065	1.3330000191926956	0.0	0.0
SP140L	0.4029126213592233	0.4029126213592233	6.484000205993652	6.484000205993652	6.484000205993652	0.0	0.0
SP5	0.5619834710743802	0.5619834710743802	14.069999694824219	14.069999694824219	14.069999694824219	0.0	0.0
SP9	0.43820224719101125	0.43820224719101125	6.498000144958496	6.498000144958496	6.498000144958496	0.0	0.0
SPATA3	0.4482758620689655	0.4482758620689655	0.0860000029206276	0.0860000029206276	0.0860000029206276	0.0	0.0
SPATS2L	0.3971631205673759	0.3971631205673759	7.9730000495910645	7.9730000495910645	7.9730000495910645	0.0	0.0
SPEG	0.5213300096759773	0.5649413541978191	8.221333265304565	20.5	73.99199938774109	0.0	0.0
SPEGNB	0.7631873687704914	0.7634146341463415	15.615000247955322	15.630000114440918	31.230000495910645	0.0	0.0
SPHKAP	0.46113301732019196	0.446497063968016	7.7616666952768965	14.369999885559082	23.28500008583069	0.0	0.0
SPP2	0.4566929133858268	0.4566929133858268	0.12800000607967377	0.12800000607967377	0.12800000607967377	0.0	0.0
SPRED2	0.5381165919282511	0.5381165919282511	6.4019999504089355	6.4019999504089355	6.4019999504089355	0.0	0.0
SPTBN1	0.504176078661521	0.5039843523616343	6.022333304087321	8.14900016784668	18.066999912261963	0.0	0.0
SRBD1	0.49711191560858176	0.5059171597633136	9.946500062942505	11.920000076293945	19.89300012588501	0.0	0.0
SSB	0.4637096774193548	0.4637096774193548	9.645999908447266	9.645999908447266	9.645999908447266	0.0	0.0
ST3GAL5	0.42592592592592593	0.42592592592592593	12.109999656677246	12.109999656677246	12.109999656677246	0.0	0.0
ST6GAL2	0.4905698552131601	0.4930207714221167	6.038666768620412	10.180000305175781	18.116000305861235	0.0	0.0
STAT1	0.5353535353535354	0.5353535353535354	7.869999885559082	7.869999885559082	7.869999885559082	0.0	0.0
STK11IP	0.47747206145219684	0.48234828967170884	7.751499943435192	15.369999885559082	15.502999886870384	0.0	0.0
STK16	1.0	1.0	3.252000093460083	3.252000093460083	3.252000093460083	0.0	0.0
STK17B	0.48308889197717586	0.4808951051206149	10.831666628519693	13.430000305175781	32.49499988555908	0.0	0.0
STK36	0.46700232249373197	0.4654713322335099	13.17650032043457	16.610000610351562	26.35300064086914	0.0	0.0
STON1	0.5232960880980214	0.5068281233329777	5.71399998664856	7.386000156402588	11.42799997329712	0.0	0.0
STPG4	0.4933920704845815	0.4933920704845815	7.201000213623047	7.201000213623047	7.201000213623047	0.0	0.0
STRADB	1.0	1.0	7.657999753952026	9.845999717712402	15.315999507904053	0.0	0.0
SULT1C3	0.5316158776136938	0.6205898030208186	6.167799879051745	23.899999618530273	30.838999395258725	0.0	0.0
SULT6B1	0.49988652638117315	0.48656257470961145	3.139499917626381	5.909999847412109	6.278999835252762	0.0	0.0
SUMO1	0.5714285714285714	0.5714285714285714	7.067999839782715	7.067999839782715	7.067999839782715	0.0	0.0
TACR1	0.524822695035461	0.524822695035461	10.399999618530273	10.399999618530273	10.399999618530273	0.0	0.0
TAF1B	0.8567091988122437	0.9416666666666668	8.125666618347168	19.959999084472656	48.75399971008301	0.0	0.0
TANC1	1.0	1.0	7.90200013294816	15.720000267028809	15.80400026589632	0.0	0.0
TBC1D8	0.4883802985389542	0.4975332518604888	6.09075003862381	15.880000114440918	24.36300015449524	0.0	0.0
TDRD15	0.45098039215686275	0.45098039215686275	0.675000011920929	0.675000011920929	0.675000011920929	0.0	0.0
TEX44	0.9840301978343635	0.7764227642276422	0.8400000017136335	1.6200000047683716	1.680000003427267	0.0	0.0
TFCP2L1	1.0	1.0	0.22300000488758087	0.22300000488758087	0.22300000488758087	0.0	0.0
TGFBRAP1	0.7731059535188096	0.7416107382550335	0.40199999511241913	0.45100000500679016	0.8039999902248383	0.0	0.0
THADA	0.5367847411444142	0.5367847411444142	19.860000610351562	19.860000610351562	19.860000610351562	0.0	0.0
THAP4	0.5170449132718542	0.4996259124087591	5.616500079631805	11.09000015258789	11.23300015926361	0.0	0.0
THNSL2	1.0	1.0	11.449999809265137	11.449999809265137	11.449999809265137	0.0	0.0
THSD7B	0.45059938716630005	0.42940947170552857	11.442333618799845	19.290000915527344	34.327000856399536	0.0	0.0
TIGD1	1.0	1.0	8.555999755859375	8.555999755859375	8.555999755859375	0.0	0.0
TLK1	0.47058823529411764	0.47058823529411764	7.818999767303467	7.818999767303467	7.818999767303467	0.0	0.0
TM4SF20	0.5128205128205128	0.5128205128205128	12.460000038146973	12.460000038146973	12.460000038146973	0.0	0.0
TMBIM1	1.0	1.0	13.101000428199768	24.200000762939453	26.202000856399536	0.0	0.0
TMEM131	0.6687037121207922	0.7625	15.054500102996826	21.0	30.109000205993652	0.0	0.0
TMEM150A	0.423728813559322	0.423728813559322	1.4579999446868896	1.4579999446868896	1.4579999446868896	0.0	0.0
TMEM17	0.7750048758958739	0.7679324894514767	7.727499961853027	7.9629998207092285	15.454999923706055	0.0	0.0
TMEM177	1.0	1.0	2.846333362006893	6.164000034332275	8.539000086020678	0.0	0.0
TMEM182	0.9943181818181818	0.9943181818181818	8.407999992370605	8.407999992370605	8.407999992370605	0.0	0.0
TMEM185B	1.0	1.0	24.399999618530273	24.399999618530273	24.399999618530273	0.0	0.0
TMEM198	0.9098589049326226	0.8589108910891089	10.978333473205566	17.940000534057617	32.9350004196167	0.0	0.0
TMEM214	0.46577946768060835	0.46577946768060835	26.700000762939453	26.700000762939453	26.700000762939453	0.0	0.0
TMEM247	0.49783549783549785	0.49783549783549785	20.899999618530273	20.899999618530273	20.899999618530273	0.0	0.0
TNFAIP6	0.45662100456621	0.45662100456621	5.9720001220703125	5.9720001220703125	5.9720001220703125	0.0	0.0
TNS1	0.4580447428282667	0.45971555888185683	7.025799973060687	22.399999618530273	105.38699959591031	0.0	0.0
TOGARAM2	0.7154486323376031	0.703385014456131	8.437285581603646	18.479999542236328	59.060999071225524	0.0	0.0
TPO	0.5194777919193335	0.4943613997108567	6.1709999951999635	23.399999618530273	49.36799996159971	0.0	0.0
TPRKB	1.0	1.0	8.581999778747559	8.581999778747559	8.581999778747559	0.0	0.0
TRAF3IP1	0.6037802637481384	0.6477754237288136	15.163333257039389	18.3799991607666	45.489999771118164	0.0	0.0
TRAK2	1.0	1.0	13.059499740600586	18.809999465942383	26.118999481201172	0.0	0.0
TRAPPC12	0.9766710505554639	0.8989010989010989	8.944599986076355	25.899999618530273	44.722999930381775	0.0	0.0
TRIP12	1.0	1.0	7.35699987411499	7.35699987411499	7.35699987411499	0.0	0.0
TRMT61B	1.0	1.0	6.604499816894531	9.569999694824219	13.208999633789062	0.0	0.0
TRPM8	0.491539132556011	0.4871618838602955	18.604999780654907	24.600000381469727	74.41999912261963	0.0	0.0
TSPYL6	0.48675107207982965	0.7433628318584071	10.100500381493475	20.200000762939453	20.20100076298695	0.0	0.0
TTC21B	1.0	1.0	14.473999500274658	21.299999237060547	28.947999000549316	0.0	0.0
TTC27	0.5299253076200207	0.644453276806218	12.000333309173584	22.899999618530273	36.00099992752075	0.0	0.0
TTC30A	0.6933722973733776	0.817966903073286	15.672666390736898	26.399999618530273	47.01799917221069	0.0	0.0
TTC30B	1.0	1.0	15.195000171661377	23.600000381469727	30.390000343322754	0.0	0.0
TTC7A	0.4805194805194805	0.4805194805194805	14.319999694824219	14.319999694824219	14.319999694824219	0.0	0.0
TTL	0.4666666666666667	0.4666666666666667	0.8560000061988831	0.8560000061988831	0.8560000061988831	0.0	0.0
TTLL4	0.44797904240304043	0.4812718872718873	10.59499994913737	19.59000015258789	31.78499984741211	0.0	0.0
TTN	0.658047393659547	0.6556879352563644	11.485256349142546	25.5	447.92499761655927	1.0	0.0
TUBA3D	1.0	1.0	1.4259999990463257	1.4259999990463257	1.4259999990463257	0.0	0.0
TUBA3E	0.4089504522405496	0.40647711042086404	8.979416591425737	26.799999237060547	107.75299909710884	0.0	0.0
TUBA4B	1.0	1.0	7.427333434422811	13.800000190734863	22.282000303268433	0.0	0.0
UBR3	0.595827636541841	0.7332474226804124	4.502500057220459	6.822000026702881	9.005000114440918	0.0	0.0
UGGT1	0.9322359533623852	0.8405228758169935	4.452666680018107	6.110000133514404	13.358000040054321	0.0	0.0
UGT1A4	1.0	1.0	1.0549999475479126	1.0549999475479126	1.0549999475479126	0.0	0.0
UGT1A8	1.0	1.0	6.3520002365112305	6.3520002365112305	6.3520002365112305	0.0	0.0
UNC80	1.0	1.0	5.054999828338623	5.054999828338623	5.054999828338623	0.0	0.0
USP34	0.6866865276224665	0.7236480946457584	8.396285602024623	13.920000076293945	58.77399921417236	0.0	0.0
USP37	0.5722928333395171	0.6538461538461539	14.494999885559082	17.90999984741211	28.989999771118164	0.0	0.0
USP39	0.46798029556650245	0.46798029556650245	9.821999549865723	9.821999549865723	9.821999549865723	0.0	0.0
USP40	0.5075202604922787	0.5162453076179282	5.279000131945525	17.020000457763672	36.953000923618674	0.0	0.0
VAMP5	0.48342541436464087	0.48342541436464087	2.253999948501587	2.253999948501587	2.253999948501587	0.0	0.0
VAMP8	0.45098039215686275	0.45098039215686275	8.845000267028809	8.845000267028809	8.845000267028809	0.0	0.0
VAX2	0.4688995215311005	0.4688995215311005	17.389999389648438	17.389999389648438	17.389999389648438	0.0	0.0
VRK2	1.0	1.0	21.600000381469727	21.600000381469727	21.600000381469727	0.0	0.0
VWA3B	0.8532910620525963	0.8909952606635071	4.27224993892014	6.785999774932861	17.08899975568056	0.0	0.0
WDFY1	0.37916666666666665	0.37916666666666665	0.9869999885559082	0.9869999885559082	0.9869999885559082	0.0	0.0
WDR35	0.535234899328859	0.535234899328859	1.2339999675750732	1.2339999675750732	1.2339999675750732	0.0	0.0
WDR43	1.0	1.0	9.930000305175781	9.930000305175781	9.930000305175781	0.0	0.0
WDR75	0.5409090909090909	0.5409090909090909	2.2339999675750732	2.2339999675750732	2.2339999675750732	0.0	0.0
WDSUB1	0.4975845410628019	0.4975845410628019	12.5600004196167	12.5600004196167	12.5600004196167	0.0	0.0
WIPF1	1.0	1.0	14.289999961853027	14.289999961853027	14.289999961853027	0.0	0.0
XDH	1.0	1.0	4.322999782394618	8.630999565124512	8.645999564789236	0.0	0.0
XIRP2	0.4810603655600658	0.5021505376344086	15.743000268936157	25.100000381469727	31.486000537872314	0.0	1.0
XRCC5	0.4930555555555556	0.4930555555555556	0.42899999022483826	0.42899999022483826	0.42899999022483826	0.0	0.0
YPEL5	1.0	1.0	12.609999656677246	12.609999656677246	12.609999656677246	0.0	0.0
ZAP70	0.45774647887323944	0.45774647887323944	7.519999980926514	7.519999980926514	7.519999980926514	0.0	0.0
ZC3H6	1.0	1.0	1.3624999523162842	2.053999900817871	2.7249999046325684	0.0	0.0
ZDBF2	0.4992358618435569	0.8595890410958904	5.523750178515911	19.700000762939453	22.095000714063644	0.0	0.0
ZFP36L2	0.4090909090909091	0.4090909090909091	10.279999732971191	10.279999732971191	10.279999732971191	0.0	0.0
ZNF142	0.5145705577104005	0.5268324499774025	9.876999855041504	16.969999313354492	29.63099956512451	0.0	0.0
ZNF385B	0.47878787878787876	0.47878787878787876	6.2769999504089355	6.2769999504089355	6.2769999504089355	0.0	0.0
ZNF512	0.46439628482972134	0.46439628482972134	0.3840000033378601	0.3840000033378601	0.3840000033378601	0.0	0.0
ZNF514	0.5064102564102564	0.5064102564102564	1.7979999780654907	1.7979999780654907	1.7979999780654907	0.0	0.0
ZNF638	1.0	1.0	10.420000076293945	10.420000076293945	10.420000076293945	0.0	0.0
ZNF804A	0.4704844987319766	0.49630902816459355	1.9108000367879867	6.991000175476074	9.554000183939934	0.0	0.0
ZNF806	1.0	1.0	5.258999824523926	5.258999824523926	5.258999824523926	0.0	0.0
