Gene	CADD_weighted_avg_AF	avg_AF	avg_CADD_PHRED	max_CADD_PHRED	sum_CADD_PHRED	HFI	LoH
AAK1	0.8336229523041259	0.7083333333333334	12.948000192642212	18.510000228881836	25.896000385284424	0.0	0.0
ABCA12	0.4718151254908325	0.5709733893557424	2.5011999875307085	6.5279998779296875	12.505999937653542	0.0	0.0
ABCB11	0.5093051779881165	0.7540983606557377	9.09549980983138	18.149999618530273	18.19099961966276	0.0	0.0
ABCB6	1.0	1.0	2.819000005722046	2.819000005722046	2.819000005722046	0.0	0.0
ABCG8	0.997138805545918	0.8148148148148149	8.802333066860834	23.299999237060547	26.406999200582504	0.0	0.0
ACADL	0.5	0.5	28.600000381469727	28.600000381469727	28.600000381469727	0.0	0.0
ACP1	0.5444962177913025	0.5438070776255708	21.699999809265137	22.5	43.39999961853027	0.0	0.0
ACTG2	0.5865384615384616	0.5865384615384616	11.859999656677246	11.859999656677246	11.859999656677246	0.0	0.0
ACTR1B	0.49612403100775193	0.49612403100775193	0.03700000047683716	0.03700000047683716	0.03700000047683716	0.0	0.0
ACVR1	1.0	1.0	6.053999900817871	6.053999900817871	6.053999900817871	0.0	0.0
ACVR1C	0.5333333333333333	0.5333333333333333	7.669000148773193	7.669000148773193	7.669000148773193	0.0	0.0
ADAM17	0.5384615384615384	0.5384615384615384	1.9079999923706055	1.9079999923706055	1.9079999923706055	0.0	0.0
ADCY3	0.5015232383996113	0.48483917509070895	7.44180000424385	14.020000457763672	37.20900002121925	0.0	0.0
ADGRF3	1.0	1.0	10.647500038146973	16.420000076293945	21.295000076293945	0.0	0.0
ADRA2B	1.0	1.0	0.04399999976158142	0.04399999976158142	0.04399999976158142	0.0	0.0
AFF3	1.0	1.0	9.815999984741211	9.815999984741211	9.815999984741211	0.0	0.0
AGAP1	0.5294117647058824	0.5294117647058824	12.479999542236328	12.479999542236328	12.479999542236328	0.0	0.0
AGFG1	0.45239578156553595	0.48321611253196933	5.482000023126602	10.460000038146973	10.964000046253204	0.0	0.0
AGXT	0.47674418604651164	0.47674418604651164	0.06800000369548798	0.06800000369548798	0.06800000369548798	0.0	0.0
ALK	0.8180516150659388	0.8875	4.931000017374754	8.324000358581543	24.65500008687377	0.0	0.0
ALMS1	0.49218336050521005	0.5093431855500821	6.420000063255429	24.600000381469727	32.100000316277146	0.0	0.0
ALPG	0.3001775092207063	0.620682228730174	4.343285832021918	18.200000762939453	30.403000824153423	0.0	0.0
ALPI	0.5212021334899946	0.507897141365357	6.585999965667725	7.388999938964844	13.17199993133545	0.0	0.0
ALPP	1.0	1.0	6.031333283210794	17.90999984741211	18.093999849632382	0.0	0.0
ALS2	1.0	1.0	1.6196666872128844	4.578000068664551	4.859000061638653	0.0	0.0
AMER3	0.5355412506440478	0.7473309608540926	3.4860000014305115	6.4079999923706055	6.972000002861023	0.0	0.0
ANKAR	1.0	1.0	3.3530000438913703	6.683000087738037	6.706000087782741	0.0	0.0
ANKMY1	0.42424783035479535	0.43043107127614166	2.289500070619397	4.577000141143799	4.579000141238794	0.0	0.0
ANKRD36	0.7915728107343317	0.8064912264807184	1.2006666337450345	3.428999900817871	3.6019999012351036	0.0	0.0
ANKRD36C	0.606655055497355	0.629179480056611	5.222749870270491	22.299999237060547	41.781998962163925	0.0	1.0
ANKRD53	1.0	1.0	4.911999913553397	13.069999694824219	14.73599974066019	0.0	0.0
ANKZF1	0.5041322314049587	0.5041322314049587	28.899999618530273	28.899999618530273	28.899999618530273	0.0	0.0
ANO7	0.4913412556685387	0.7182001005530418	3.719666806360086	9.449000358581543	11.159000419080257	0.0	0.0
ANXA4	0.5	0.5	7.125999927520752	7.125999927520752	7.125999927520752	0.0	0.0
AOX1	0.4756941601280743	0.4916731720010408	0.2859999858774245	0.5669999718666077	0.571999971754849	0.0	0.0
APOB	0.46757879507536604	0.7207792207792207	1.471749996766448	5.144999980926514	5.886999987065792	0.0	0.0
AQP12A	0.3333333333333333	0.3333333333333333	24.200000762939453	24.200000762939453	24.200000762939453	0.0	0.0
AQP12B	0.49963523752560013	0.5984848484848485	8.099666794141134	21.600000381469727	24.2990003824234	0.0	0.0
ARHGAP15	0.6122448979591837	0.6122448979591837	6.61899995803833	6.61899995803833	6.61899995803833	0.0	0.0
ARHGAP25	0.5453908421991425	0.5515704584040747	7.012999773025513	8.595999717712402	14.025999546051025	0.0	0.0
ARHGEF33	1.0	1.0	16.704999923706055	19.93000030517578	33.40999984741211	0.0	0.0
ARHGEF4	0.9999999871184885	1.0	2.329666684071223	5.538000106811523	13.978000104427338	0.0	0.0
ARMC9	1.0	1.0	12.326750189065933	23.5	49.30700075626373	0.0	0.0
ASAP2	0.5743074551154398	0.7727272727272727	6.081000179052353	11.390000343322754	12.162000358104706	0.0	0.0
ASB18	0.4911467170503362	0.49240631163708093	12.85650010034442	22.5	51.42600040137768	0.0	0.0
ASIC4	0.44383829318794904	0.4598087516052962	8.336999972661337	15.029999732971191	25.01099991798401	0.0	0.0
ASNSD1	1.0	1.0	6.859000205993652	6.859000205993652	6.859000205993652	0.0	0.0
ASPRV1	0.49586776859504134	0.49586776859504134	0.3889999985694885	0.3889999985694885	0.3889999985694885	0.0	0.0
ASTL	0.4772727272727273	0.4772727272727273	2.3589999675750732	2.3589999675750732	2.3589999675750732	0.0	0.0
ATAD2B	0.5819672131147541	0.5819672131147541	11.050000190734863	11.050000190734863	11.050000190734863	0.0	0.0
ATG16L1	1.0	1.0	0.6230000257492065	0.6230000257492065	0.6230000257492065	0.0	0.0
ATG4B	0.4365192684505557	0.44446155239561635	7.681500209495425	15.3100004196167	15.36300041899085	0.0	0.0
ATG9A	1.0	1.0	0.11500000208616257	0.11500000208616257	0.11500000208616257	0.0	0.0
ATIC	0.35833333333333334	0.35833333333333334	23.5	23.5	23.5	0.0	0.0
ATL2	0.4293049633182945	0.4478632478632478	14.364999771118164	18.579999923706055	28.729999542236328	0.0	0.0
ATOH8	0.44537815126050423	0.44537815126050423	23.899999618530273	23.899999618530273	23.899999618530273	0.0	0.0
ATP6V1B1	0.5168123249923988	0.5056642676665366	12.717800092697143	33.0	63.58900046348572	0.0	0.0
ATP6V1C2	0.4090909090909091	0.4090909090909091	20.600000381469727	20.600000381469727	20.600000381469727	0.0	0.0
ATRAID	0.551730588924965	0.7386363636363636	9.958499908447266	17.079999923706055	19.91699981689453	0.0	0.0
B3GNT7	0.5982142857142857	0.5982142857142857	20.399999618530273	20.399999618530273	20.399999618530273	0.0	0.0
BARD1	0.4598179543547482	0.4954587309559685	1.0699999928474426	1.968999981880188	2.1399999856948853	0.0	0.0
BAZ2B	0.5151560923226698	0.5227768685215494	15.007999658584595	22.299999237060547	30.01599931716919	0.0	0.0
BCL11A	1.0	1.0	12.899999618530273	12.899999618530273	12.899999618530273	0.0	0.0
BCL2L11	0.5273881410983385	0.5251225490196079	3.465499997138977	5.296000003814697	6.930999994277954	0.0	0.0
BIN1	0.5886515171591923	0.5404858299595141	2.7965000681579113	5.531000137329102	5.593000136315823	0.0	0.0
BIRC6	0.48828161821907373	0.44948847448847445	7.545000346998374	16.6200008392334	22.63500104099512	0.0	0.0
BMP10	0.4963768115942029	0.4963768115942029	1.8949999809265137	1.8949999809265137	1.8949999809265137	0.0	0.0
BMPR2	0.4539723145279123	0.465622001918772	12.740000247955322	18.690000534057617	25.480000495910645	0.0	0.0
C1GALT1C1L	1.0	1.0	4.736999988555908	5.828000068664551	9.473999977111816	0.0	0.0
C1QL2	0.546875	0.546875	9.847999572753906	9.847999572753906	9.847999572753906	0.0	0.0
C2CD6	1.0	1.0	1.168500006198883	1.378000020980835	2.337000012397766	0.0	0.0
C2orf16	0.7124890433325535	0.9037037037037038	7.268000243604183	21.700000762939453	36.340001218020916	0.0	0.0
C2orf72	0.4031470809156398	0.41428571428571426	4.498499780893326	8.005999565124512	8.996999561786652	0.0	0.0
C2orf73	1.0	1.0	16.06999969482422	18.989999771118164	32.13999938964844	0.0	0.0
C2orf74	0.4878048780487805	0.4878048780487805	22.799999237060547	22.799999237060547	22.799999237060547	0.0	0.0
C2orf76	0.4398972279585007	0.4639312694415642	6.48899994418025	12.869999885559082	12.9779998883605	0.0	0.0
C2orf80	0.997462312044582	0.996	14.865499496459961	20.299999237060547	29.730998992919922	0.0	0.0
C2orf83	0.9137996532890192	0.7727272727272727	1.1970000267028809	1.940000057220459	2.3940000534057617	0.0	0.0
CAD	0.5241474969536638	0.5037003614028687	9.977250051684678	22.100000381469727	39.90900020673871	1.0	0.0
CAPG	1.0	1.0	15.930000305175781	15.930000305175781	15.930000305175781	0.0	0.0
CAPN10	0.4730817770021835	0.6264534490226866	1.998500034911558	7.64300012588501	7.994000139646232	0.0	0.0
CAPN13	0.5150224511171635	0.5101588283828383	5.419000089168549	8.854000091552734	16.257000267505646	0.0	0.0
CAPN14	0.4666666666666667	0.4666666666666667	0.8489999771118164	0.8489999771118164	0.8489999771118164	0.0	0.0
CASP8	0.8318821876382221	0.7376811594202899	9.336999893188477	12.6899995803833	18.673999786376953	0.0	0.0
CATIP	0.6806264697695976	0.7275641025641025	2.7570000886917114	3.2320001125335693	5.514000177383423	0.0	0.0
CAVIN2	1.0	1.0	1.1690000295639038	1.1690000295639038	1.1690000295639038	0.0	0.0
CCDC138	0.5505086301799725	0.5334249084249084	10.33299994468689	13.869999885559082	20.66599988937378	0.0	0.0
CCDC141	1.0	1.0	4.927000045776367	4.927000045776367	4.927000045776367	0.0	0.0
CCDC148	0.7933706992969887	0.7436363636363637	9.73199987411499	11.619999885559082	19.46399974822998	0.0	0.0
CCDC74B	0.4687739582044335	0.4677563270603504	12.12600040435791	14.5600004196167	24.25200080871582	0.0	0.0
CCDC85A	0.553049538325963	0.6625014462570866	18.00733296076457	23.899999618530273	54.0219988822937	0.0	0.0
CCDC93	0.4537037037037037	0.4537037037037037	12.229999542236328	12.229999542236328	12.229999542236328	0.0	0.0
CCT4	0.2916666666666667	0.2916666666666667	4.303999900817871	4.303999900817871	4.303999900817871	0.0	0.0
CD207	0.4218602671524092	0.50749304355325	8.03774990203965	21.299999237060547	64.3019992163172	0.0	0.0
CD302	0.44680851063829785	0.44680851063829785	6.831999778747559	6.831999778747559	6.831999778747559	0.0	0.0
CD8A	0.4856263401798882	0.4769184866929228	6.675000031789144	9.47700023651123	20.02500009536743	0.0	0.0
CD8B	1.0	1.0	14.319999694824219	14.319999694824219	14.319999694824219	0.0	0.0
CENPO	0.4883720930232558	0.4883720930232558	1.3899999856948853	1.3899999856948853	1.3899999856948853	0.0	0.0
CEP68	0.481245835401854	0.5144866195115548	6.115666491289933	17.809999465942383	18.3469994738698	0.0	0.0
CERKL	1.0	1.0	7.772000312805176	10.520000457763672	15.544000625610352	0.0	0.0
CFAP221	0.6457848680490017	0.8315018315018315	0.045666666546215616	0.09600000083446503	0.13699999963864684	0.0	0.0
CFAP36	1.0	1.0	10.729999542236328	10.729999542236328	10.729999542236328	0.0	0.0
CFAP65	0.40771756987864277	0.4523809523809524	0.4349999977275729	0.8429999947547913	0.8699999954551458	0.0	0.0
CGREF1	0.4531604916679264	0.45622895622895626	7.558333237965901	9.9399995803833	22.674999713897705	0.0	0.0
CHMP3	0.5238095238095238	0.5238095238095238	0.07500000298023224	0.07500000298023224	0.07500000298023224	0.0	0.0
CHPF	0.5866249178039294	0.6445868945868946	4.357999997834365	12.739999771118164	26.147999987006187	0.0	0.0
CHRND	0.5033475580632031	0.542714501335191	9.786000192165375	18.110000610351562	29.358000576496124	0.0	0.0
CHST10	0.46	0.46	7.815999984741211	7.815999984741211	7.815999984741211	0.0	0.0
CIB4	0.3333333333333333	0.3333333333333333	17.829999923706055	17.829999923706055	17.829999923706055	0.0	0.0
CKAP2L	1.0	1.0	0.0010000000474974513	0.0010000000474974513	0.0010000000474974513	0.0	0.0
CLASP1	0.5267175572519084	0.5267175572519084	9.604000091552734	9.604000091552734	9.604000091552734	0.0	0.0
CLEC4F	0.48145718610288624	0.49415623136553366	2.215500071644783	4.294000148773193	4.431000143289566	0.0	0.0
CLHC1	0.6736439716071648	0.7040410072658506	13.280999819437662	22.399999618530273	39.84299945831299	0.0	0.0
CLIP4	0.43297908795892687	0.4332119004250152	7.536999940872192	7.605000019073486	15.073999881744385	0.0	0.0
CMPK2	1.0	1.0	7.388000011444092	7.388000011444092	7.388000011444092	0.0	0.0
CNOT11	1.0	1.0	1.9800000190734863	1.9800000190734863	1.9800000190734863	0.0	0.0
CNPPD1	0.5271515921173998	0.7023809523809523	12.966000080108643	20.600000381469727	25.932000160217285	0.0	0.0
CNRIP1	0.4292680914566235	0.44635685599541025	9.576000134150187	13.770000457763672	28.72800040245056	0.0	0.0
CNTNAP5	1.0	1.0	1.2059999704360962	1.2059999704360962	1.2059999704360962	0.0	0.0
COBLL1	0.3899393429792025	0.39389782391319417	12.610750079154968	18.84000015258789	50.44300031661987	0.0	1.0
COL3A1	0.8067113010450189	0.6851508280079708	8.059333324432373	14.25	24.17799997329712	0.0	0.0
COL4A3	0.863450219084507	0.9133333333333333	12.046400094032288	24.700000762939453	60.23200047016144	0.0	0.0
COL4A4	0.4927059446151829	0.459950305382937	9.049222126603127	21.799999237060547	81.44299913942814	0.0	0.0
COL5A2	1.0	1.0	3.282000025113424	6.874000072479248	9.846000075340271	0.0	0.0
COL6A3	0.5169532564388689	0.5102785719301413	14.142499923706055	25.299999237060547	56.56999969482422	0.0	0.0
COPS9	0.5350035453317152	0.5345613781123335	2.4270000904798508	4.708000183105469	4.8540001809597015	0.0	0.0
CPO	0.4969238990487433	0.5163863726363727	7.211499929428101	14.59000015258789	28.845999717712402	0.0	0.0
CPS1	0.4562365651468234	0.4599452450908796	6.939666748046875	8.704999923706055	20.819000244140625	0.0	0.0
CRIM1	0.4732510288065844	0.4732510288065844	0.07900000363588333	0.07900000363588333	0.07900000363588333	0.0	0.0
CROCC2	1.0	1.0	3.0606001019477844	6.056000232696533	15.303000509738922	0.0	0.0
CRYBA2	0.5260869565217391	0.5260869565217391	12.40999984741211	12.40999984741211	12.40999984741211	0.0	0.0
CRYGB	0.9909124415999091	0.686046511627907	7.980499774217606	15.729999542236328	15.960999548435211	0.0	0.0
CRYGD	0.8043291882427992	0.78	6.998999834060669	7.7729997634887695	13.997999668121338	0.0	0.0
CTDSP1	0.49465826105713095	0.49537037037037035	2.5160000324249268	2.9030001163482666	5.0320000648498535	0.0	0.0
CTLA4	0.5142857142857142	0.5142857142857142	0.46299999952316284	0.46299999952316284	0.46299999952316284	0.0	0.0
CUL3	0.5	0.5	7.814000129699707	7.814000129699707	7.814000129699707	0.0	0.0
CWC22	1.0	1.0	5.574000080426534	11.380000114440918	16.722000241279602	0.0	0.0
CXCR1	0.5499940767477408	0.48987603305785127	10.150499618554022	20.299999237060547	20.300999237108044	0.0	0.0
CXCR2	0.5000599404142231	0.5019083969465649	1.082500021904707	2.13100004196167	2.165000043809414	0.0	0.0
CYBRD1	0.43209876543209874	0.43209876543209874	0.12999999523162842	0.12999999523162842	0.12999999523162842	0.0	0.0
CYP1B1	0.48932792783000767	0.4960290129956296	5.257999956607819	8.947999954223633	21.031999826431274	0.0	0.0
CYP20A1	1.0	1.0	10.571499809622765	20.899999618530273	21.14299961924553	0.0	0.0
CYP26B1	0.55	0.55	14.680000305175781	14.680000305175781	14.680000305175781	0.0	0.0
CYP27C1	0.4845360824742268	0.4845360824742268	0.1289999932050705	0.1289999932050705	0.1289999932050705	0.0	0.0
DAPL1	0.6975708525002889	0.7	24.699999809265137	24.899999618530273	49.39999961853027	0.0	0.0
DAW1	0.47619047619047616	0.47619047619047616	22.100000381469727	22.100000381469727	22.100000381469727	0.0	0.0
DBI	0.3963963963963964	0.3963963963963964	8.73900032043457	8.73900032043457	8.73900032043457	0.0	0.0
DCAF17	0.45249653259362	0.45544382801664357	8.369999885559082	11.15999984741211	16.739999771118164	0.0	0.0
DDX1	1.0	1.0	6.806000232696533	6.806000232696533	6.806000232696533	0.0	0.0
DDX18	0.47668813398886817	0.5	5.43500018119812	6.702000141143799	10.87000036239624	0.0	0.0
DES	1.0	1.0	13.289999961853027	14.630000114440918	26.579999923706055	0.0	0.0
DHRS9	0.5181818181818182	0.5181818181818182	6.692999839782715	6.692999839782715	6.692999839782715	0.0	0.0
DHX57	0.39673649983364956	0.4397054886211513	5.162333349386851	7.872000217437744	15.487000048160553	0.0	0.0
DIS3L2	0.4845360824742268	0.4845360824742268	0.9879999756813049	0.9879999756813049	0.9879999756813049	0.0	0.0
DLX2	0.4444444444444444	0.4444444444444444	4.0269999504089355	4.0269999504089355	4.0269999504089355	0.0	0.0
DNAH6	0.9746876485157673	0.9098039215686274	3.338833353171746	10.170000076293945	20.033000119030476	0.0	0.0
DNAH7	1.0	1.0	11.820999994874	24.5	47.283999979496	0.0	0.0
DNAJB3	0.49325337331334335	0.49325337331334335	0.006000000052154064	0.006000000052154064	0.006000000052154064	0.0	0.0
DNAJC10	0.5234972291960893	0.4985681292603489	10.606500148773193	23.700000762939453	42.42600059509277	0.0	0.0
DNAJC27	1.0	1.0	1.2549999952316284	1.2549999952316284	1.2549999952316284	0.0	0.0
DOCK10	0.5213299067743729	0.5130900243309002	12.356500148773193	17.510000228881836	24.713000297546387	0.0	0.0
DPP10	1.0	1.0	18.135000228881836	19.899999618530273	36.27000045776367	0.0	0.0
DPYSL5	0.4808743169398907	0.4808743169398907	13.020000457763672	13.020000457763672	13.020000457763672	0.0	0.0
DRC1	1.0	1.0	8.64749988541007	17.239999771118164	17.29499977082014	0.0	0.0
DTNB	0.5048543689320388	0.5048543689320388	6.442999839782715	6.442999839782715	6.442999839782715	0.0	0.0
DUSP11	0.47297297297297297	0.47297297297297297	10.539999961853027	10.539999961853027	10.539999961853027	0.0	0.0
DYSF	0.4968730687926014	0.5143683368064994	2.4920000483592353	6.4720001220703125	7.476000145077705	0.0	0.0
DYTN	0.46887966804979253	0.46887966804979253	0.6299999952316284	0.6299999952316284	0.6299999952316284	0.0	0.0
ECEL1	1.0	1.0	16.93000030517578	16.93000030517578	16.93000030517578	0.0	0.0
ECRG4	0.6511627906976745	0.6511627906976745	0.43799999356269836	0.43799999356269836	0.43799999356269836	0.0	0.0
EDAR	0.5809126542186955	0.521087160262418	3.3784999400377274	6.415999889373779	6.756999880075455	0.0	0.0
EFHD1	0.44146933753607753	0.44988344988344986	5.697499990463257	6.432000160217285	11.394999980926514	0.0	0.0
EFR3B	0.4818112385662126	0.519425857975394	3.9595000743865967	7.544000148773193	7.919000148773193	0.0	0.0
EHBP1	0.42857142857142855	0.42857142857142855	23.299999237060547	23.299999237060547	23.299999237060547	1.0	0.0
EIF2AK3	0.9102741252083619	0.8380177307939705	14.472333590189615	18.540000915527344	43.41700077056885	0.0	0.0
EIF5B	0.574510510289957	0.5535211267605633	10.457500219345093	15.180000305175781	20.915000438690186	0.0	0.0
EMILIN1	0.5616438356164384	0.5616438356164384	18.200000762939453	18.200000762939453	18.200000762939453	0.0	0.0
EML4	0.8054961467891986	0.8095238095238094	17.81333351135254	18.190000534057617	53.44000053405762	0.0	0.0
EML6	0.5788395439514621	0.5727040816326531	6.88100004196167	7.604000091552734	20.64300012588501	0.0	0.0
EPB41L5	1.0	1.0	6.388000011444092	6.388000011444092	6.388000011444092	0.0	0.0
EPHA4	0.5384615384615384	0.5384615384615384	3.121000051498413	3.121000051498413	3.121000051498413	0.0	0.0
ERBB4	1.0	1.0	0.5299999713897705	0.5299999713897705	0.5299999713897705	0.0	0.0
ERICH2	0.6881586066775621	0.7235772357723578	1.7559999823570251	1.9809999465942383	3.5119999647140503	0.0	0.0
ERLEC1	0.4107142857142857	0.4107142857142857	0.007000000216066837	0.007000000216066837	0.007000000216066837	0.0	0.0
ESPNL	0.5382943293974638	0.6959921041164441	2.987466699218688	16.18000030517578	44.81200048828032	0.0	0.0
ETAA1	0.8857043038494808	0.824	1.603000005086263	3.378000020980835	4.809000015258789	0.0	0.0
EVA1A	0.47434693396354355	0.5364906832298136	14.897000014781952	28.0	29.794000029563904	0.0	0.0
FABP1	0.4	0.4	17.670000076293945	17.670000076293945	17.670000076293945	0.0	0.0
FAM110C	1.0	1.0	0.4790000021457672	0.4790000021457672	0.4790000021457672	0.0	0.0
FAM124B	0.509090909090909	0.509090909090909	0.19099999964237213	0.19099999964237213	0.19099999964237213	0.0	0.0
FAM136A	0.3949982077190024	0.40776160776160775	11.287499904632568	15.039999961853027	22.574999809265137	0.0	0.0
FAM161A	0.761648909648841	0.8304262218125013	5.502999941507976	7.875	16.508999824523926	0.0	0.0
FAM166C	0.5380392758857916	0.5422593824450083	0.505333331724008	0.9070000052452087	1.5159999951720238	0.0	0.0
FAM178B	1.0	1.0	2.0935000277822837	6.084000110626221	8.374000111129135	0.0	0.0
FAM228B	1.0	1.0	3.603666623433431	5.796000003814697	10.810999870300293	0.0	0.0
FAM240C	0.6	0.6	1.6979999542236328	1.6979999542236328	1.6979999542236328	0.0	0.0
FANCL	1.0	1.0	3.246999979019165	3.246999979019165	3.246999979019165	0.0	0.0
FARP2	0.5340909090909091	0.5340909090909091	15.010000228881836	15.010000228881836	15.010000228881836	0.0	0.0
FARSB	1.0	1.0	11.729999542236328	11.729999542236328	11.729999542236328	0.0	0.0
FASTKD1	1.0	1.0	1.4134999667294323	2.819999933242798	2.8269999334588647	0.0	0.0
FBXO41	0.5110352380810605	0.5183662280701754	7.788000136613846	14.970000267028809	15.576000273227692	0.0	0.0
FEZ2	0.8523658042450146	0.7990766506450797	13.849499955773354	22.100000381469727	55.397999823093414	0.0	0.0
FHL2	1.0	1.0	0.4059999883174896	0.4059999883174896	0.4059999883174896	0.0	0.0
FIGLA	1.0	1.0	3.6660000681877136	6.860000133514404	7.332000136375427	0.0	0.0
FLACC1	1.0	1.0	0.17599999904632568	0.17599999904632568	0.17599999904632568	0.0	0.0
FMNL2	0.4799476797667286	0.4883765765038715	8.953666687011719	12.5	26.861000061035156	0.0	0.0
FN1	0.8951718350171998	0.7030239217545718	11.40116672217846	20.899999618530273	68.40700033307076	0.0	0.0
FOXN2	0.40495349860680785	0.40413793103448276	5.898999929428101	6.007999897003174	11.797999858856201	0.0	0.0
FSHR	0.45741186848118137	0.4975747508305648	5.419500097632408	10.550000190734863	10.839000195264816	0.0	0.0
FSIP2	0.9971540967734417	0.8833916083916084	4.14262508781394	16.530000686645508	33.14100070251152	0.0	0.0
FZD5	1.0	1.0	6.690000057220459	6.690000057220459	6.690000057220459	0.0	0.0
G6PC2	1.0	1.0	13.520000457763672	13.520000457763672	13.520000457763672	0.0	0.0
GAD1	0.47743467933491684	0.47743467933491684	9.420000076293945	9.420000076293945	9.420000076293945	0.0	0.0
GAL3ST2	0.46745562130177515	0.46745562130177515	0.052000001072883606	0.052000001072883606	0.052000001072883606	0.0	0.0
GALNT5	1.0	1.0	0.3409999907016754	0.3409999907016754	0.3409999907016754	0.0	0.0
GAREM2	1.0	1.0	10.3580002784729	13.5600004196167	20.7160005569458	0.0	0.0
GBX2	0.525	0.525	5.984000205993652	5.984000205993652	5.984000205993652	0.0	0.0
GCC2	0.4857270396881391	0.4954573934837093	7.678499937057495	13.289999961853027	15.35699987411499	0.0	0.0
GCFC2	0.460766659327829	0.44398855919358376	3.0844999477267265	6.5	12.337999790906906	0.0	0.0
GCKR	1.0	1.0	10.989999771118164	10.989999771118164	10.989999771118164	0.0	0.0
GDF7	0.5	0.5	6.797999858856201	6.797999858856201	6.797999858856201	0.0	0.0
GEN1	1.0	1.0	0.0010000000474974513	0.0010000000474974513	0.0010000000474974513	0.0	0.0
GGCX	0.4091969169825519	0.4158485273492286	10.047499656677246	11.029999732971191	20.094999313354492	0.0	0.0
GIGYF2	1.0	1.0	3.9800000190734863	5.861999988555908	7.960000038146973	0.0	0.0
GLI2	0.4770411728652214	0.621901617220858	1.022249971050769	2.938999891281128	4.088999884203076	0.0	0.0
GORASP2	1.0	1.0	0.8939999938011169	0.8939999938011169	0.8939999938011169	0.0	0.0
GPATCH11	1.0	1.0	5.290999889373779	5.290999889373779	5.290999889373779	0.0	0.0
GPBAR1	0.5342465753424658	0.5342465753424658	3.9730000495910645	3.9730000495910645	3.9730000495910645	0.0	0.0
GPC1	0.5706686753915846	0.7092592592592593	1.731999984011054	4.947999954223633	6.927999936044216	0.0	0.0
GPD2	1.0	1.0	13.899999618530273	13.899999618530273	13.899999618530273	0.0	0.0
GPR1	0.8566855654405747	0.6935847162765962	8.336666822433472	17.440000534057617	25.010000467300415	0.0	0.0
GPR148	1.0	1.0	6.36899995803833	6.36899995803833	6.36899995803833	0.0	0.0
GPR155	0.5084175084175084	0.5084175084175084	0.4790000021457672	0.4790000021457672	0.4790000021457672	0.0	0.0
GPR35	0.463768115942029	0.463768115942029	2.2809998989105225	2.2809998989105225	2.2809998989105225	0.0	0.0
GPR39	0.5335633986277499	0.5144855144855145	11.602499961853027	18.75	23.204999923706055	0.0	0.0
GPR55	0.5068493150684932	0.5068493150684932	0.8320000171661377	0.8320000171661377	0.8320000171661377	0.0	0.0
GRB14	0.8145835920086247	0.8031914893617021	17.53499984741211	18.549999237060547	35.06999969482422	0.0	0.0
GREB1	0.6318151868348918	0.766747245052765	5.248285855033568	17.110000610351562	36.738000985234976	0.0	1.0
GRHL1	0.40217391304347827	0.40217391304347827	16.829999923706055	16.829999923706055	16.829999923706055	0.0	0.0
GTF2A1L	0.5535237620351106	0.6048764162340419	4.676500022411346	8.86299991607666	18.706000089645386	0.0	0.0
GYPC	1.0	1.0	0.01899999938905239	0.01899999938905239	0.01899999938905239	0.0	0.0
HAAO	0.45132743362831856	0.45132743362831856	7.603000164031982	7.603000164031982	7.603000164031982	0.0	0.0
HAT1	1.0	1.0	8.539999961853027	8.539999961853027	8.539999961853027	0.0	0.0
HDAC4	0.4722222222222222	0.4722222222222222	6.068999767303467	6.068999767303467	6.068999767303467	0.0	0.0
HEATR5B	1.0	1.0	2.0230000019073486	2.0230000019073486	2.0230000019073486	0.0	0.0
HECW2	0.576644228764765	0.6553030303030303	4.427333160924415	11.229999542236328	13.281999482773244	0.0	0.0
HES6	0.4888888888888889	0.4888888888888889	10.260000228881836	10.260000228881836	10.260000228881836	0.0	0.0
HIBCH	1.0	1.0	15.695000171661377	15.84000015258789	31.390000343322754	0.0	0.0
HJURP	1.0	1.0	0.023000000044703484	0.023000000044703484	0.023000000044703484	0.0	0.0
HK2	0.5857321616781308	0.7165695653562807	3.720599967241287	8.960000038146973	18.602999836206436	0.0	0.0
HOXD1	0.45263157894736844	0.45263157894736844	14.930000305175781	14.930000305175781	14.930000305175781	0.0	0.0
HOXD12	0.6311907501571092	0.737012987012987	17.1850004196167	24.100000381469727	34.3700008392334	0.0	0.0
HOXD13	0.6233766233766234	0.6233766233766234	0.8679999709129333	0.8679999709129333	0.8679999709129333	0.0	0.0
HOXD3	0.823767858487048	0.7727272727272727	9.195000171661377	11.260000228881836	18.390000343322754	0.0	0.0
HOXD4	0.4967741935483871	0.4967741935483871	21.899999618530273	21.899999618530273	21.899999618530273	0.0	0.0
HS1BP3	0.41840454916168873	0.6094384761216936	0.4774999893270433	0.9279999732971191	1.9099999573081732	0.0	0.0
HS6ST1	1.0	1.0	11.40999984741211	11.40999984741211	11.40999984741211	0.0	0.0
HSPD1	0.4	0.4	8.781000137329102	8.781000137329102	8.781000137329102	0.0	0.0
IFIH1	0.9960412492417978	0.9968354430379747	14.244999885559082	17.81999969482422	28.489999771118164	0.0	0.0
IFT172	0.44	0.44	14.550000190734863	14.550000190734863	14.550000190734863	0.0	0.0
IGFBP5	0.9389823842255021	0.7222222222222222	3.3870001137256622	6.03000020980835	6.7740002274513245	0.0	0.0
IHH	0.5522283607473999	0.5476892822025565	3.0475001335144043	4.806000232696533	6.095000267028809	0.0	0.0
IL1A	0.5151515151515151	0.5151515151515151	22.399999618530273	22.399999618530273	22.399999618530273	0.0	0.0
IL1B	0.5042016806722689	0.5042016806722689	2.130000114440918	2.130000114440918	2.130000114440918	0.0	0.0
IL1F10	0.45375233730512965	0.4517608623426483	16.885000228881836	18.59000015258789	33.77000045776367	0.0	0.0
IL1RL1	0.4993877456614667	0.48870607528345933	6.751888872175995	18.149999618530273	60.766999849583954	0.0	0.0
IL1RL2	0.44642857142857145	0.44642857142857145	11.15999984741211	11.15999984741211	11.15999984741211	0.0	0.0
IL1RN	0.39732142857142855	0.39732142857142855	2.313999891281128	2.313999891281128	2.313999891281128	0.0	0.0
IL36A	0.5164835164835165	0.5164835164835165	0.006000000052154064	0.006000000052154064	0.006000000052154064	0.0	0.0
IL37	0.32536680581621935	0.37972210160660014	6.873000204563141	13.100000381469727	13.746000409126282	0.0	0.0
IMMT	0.42411075154968814	0.44453767410639367	12.312999807298183	24.399999618530273	24.625999614596367	0.0	0.0
INHA	1.0	1.0	0.5799999833106995	0.5799999833106995	0.5799999833106995	0.0	0.0
INO80D	1.0	1.0	3.746999979019165	3.746999979019165	3.746999979019165	0.0	0.0
INPP1	0.5161290322580645	0.5161290322580645	6.431000232696533	6.431000232696533	6.431000232696533	0.0	0.0
INPP4A	0.5044404195843535	0.5014799859291552	5.047250047326088	8.04699993133545	20.189000189304352	0.0	0.0
INPP5D	0.5050849871677063	0.5083313996767499	11.3364999294281	18.440000534057617	45.3459997177124	0.0	0.0
IQCA1	0.456	0.456	20.799999237060547	20.799999237060547	20.799999237060547	0.0	0.0
IRS1	0.4136920346217242	0.44288761400411886	12.442000150680542	17.510000228881836	24.884000301361084	0.0	0.0
ITGA4	1.0	1.0	2.3867499819025397	7.566999912261963	9.546999927610159	0.0	0.0
ITGAV	1.0	1.0	15.989999771118164	15.989999771118164	15.989999771118164	0.0	0.0
ITGB6	1.0	1.0	2.3510000705718994	2.3510000705718994	2.3510000705718994	0.0	0.0
ITM2C	0.4871954183809681	0.49181388727108005	7.1139999230702715	12.529999732971191	21.341999769210815	0.0	0.0
ITPRID2	0.4852941176470588	0.4852941176470588	19.360000610351562	19.360000610351562	19.360000610351562	0.0	0.0
ITPRIPL1	0.514277175537536	0.5115288220551378	12.268999999389052	24.5	24.537999998778105	0.0	0.0
ITSN2	0.4437793421203303	0.4509109311740891	19.614999771118164	24.299999237060547	39.22999954223633	0.0	0.0
KCNE4	1.0	1.0	4.776999846100807	8.852999687194824	14.330999538302422	0.0	0.0
KCNF1	1.0	1.0	5.834499835968018	9.649999618530273	11.668999671936035	0.0	0.0
KCNJ3	0.47058823529411764	0.47058823529411764	5.288000106811523	5.288000106811523	5.288000106811523	0.0	0.0
KCNK12	0.453125	0.453125	6.611000061035156	6.611000061035156	6.611000061035156	0.0	0.0
KCNS3	1.0	1.0	11.698500156402588	18.760000228881836	23.397000312805176	0.0	0.0
KCTD18	0.4691358024691358	0.4691358024691358	5.979000091552734	5.979000091552734	5.979000091552734	0.0	0.0
KDM3A	0.8084235182518004	0.8280254777070063	13.15999984741211	16.549999237060547	39.47999954223633	0.0	0.0
KHK	0.5	0.5	20.799999237060547	20.799999237060547	20.799999237060547	0.0	0.0
KIAA2012	0.5075776387190238	0.44169452298531653	7.143249783664942	20.799999237060547	28.572999134659767	0.0	0.0
KIF1A	0.40384615384615385	0.40384615384615385	10.3100004196167	10.3100004196167	10.3100004196167	0.0	0.0
KIF3C	0.5391533033167311	0.7204301075268817	4.821000039577484	7.947000026702881	9.642000079154968	0.0	0.0
KLF11	1.0	1.0	0.5899999737739563	0.5899999737739563	0.5899999737739563	0.0	0.0
KLF7	1.0	1.0	5.2784998416900635	7.798999786376953	10.556999683380127	0.0	0.0
KLHL23	1.0	1.0	2.1559998989105225	2.1559998989105225	2.1559998989105225	0.0	0.0
KLHL29	0.644873660055025	0.6717979797979798	7.499333381652832	9.46500015258789	22.498000144958496	0.0	0.0
KLHL30	0.43760846803571435	0.5059350428047245	10.036428724016462	27.600000381469727	70.25500106811523	0.0	0.0
LAPTM4A	0.46218487394957986	0.46218487394957986	6.627999782562256	6.627999782562256	6.627999782562256	0.0	0.0
LBX2	1.0	1.0	2.4210000038146973	2.4210000038146973	2.4210000038146973	0.0	0.0
LCT	0.8919555467645861	0.6245381411301564	3.9135714301041196	14.079999923706055	27.395000010728836	0.0	0.0
LHCGR	0.5103008543683925	0.4912568306010929	12.55400013923645	22.0	37.66200041770935	1.0	0.0
LIMS2	0.6274509803921569	0.6274509803921569	10.850000381469727	10.850000381469727	10.850000381469727	0.0	0.0
LIPT1	0.5174977028774213	0.5136441884683229	3.5385000109672546	5.625	7.077000021934509	0.0	0.0
LONRF2	0.5105548245360194	0.5275462731277103	9.485499858856201	15.149999618530273	75.88399887084961	0.0	0.0
LPIN1	0.9421519005955689	0.75	1.9750000089406967	3.493000030517578	3.9500000178813934	0.0	0.0
LRP1B	0.6178537285021446	0.6762287924780355	5.458999919891357	7.923999786376953	27.294999599456787	0.0	0.0
LRP2	0.9128485568467521	0.7135955876533578	6.528727322478186	22.399999618530273	71.81600054726005	0.0	0.0
LRPPRC	0.4342881596592802	0.47011292337393185	1.7656666710972786	4.098999977111816	5.297000013291836	0.0	0.0
LTBP1	0.6924699208136573	0.5740962753061092	9.26300006040505	24.0	64.84100042283535	0.0	0.0
LY75	0.5584282297920271	0.5460791619181204	11.301250040531158	16.690000534057617	45.205000162124634	0.0	0.0
MAB21L4	0.999182110086289	0.9085758495414831	4.104777804006719	15.039999961853027	36.94300023606047	0.0	0.0
MAP3K2	0.5245901639344263	0.5245901639344263	11.029999732971191	11.029999732971191	11.029999732971191	0.0	0.0
MAP3K20	0.5257114588358999	0.5397849462365591	8.930999755859375	10.649999618530273	17.86199951171875	0.0	0.0
MAP4K3	1.0	1.0	8.407999753952026	9.307999610900879	16.815999507904053	0.0	0.0
MAPRE3	1.0	1.0	0.39100000262260437	0.39100000262260437	0.39100000262260437	0.0	0.0
MARCHF4	0.5138888888888888	0.5138888888888888	0.2529999911785126	0.2529999911785126	0.2529999911785126	0.0	0.0
MARCHF7	0.7032805236256185	0.6424597581781767	5.020000060399373	6.254000186920166	15.06000018119812	0.0	0.0
MAT2A	0.5316455696202531	0.5316455696202531	10.550000190734863	10.550000190734863	10.550000190734863	0.0	0.0
MCEE	0.47282608695652173	0.47282608695652173	8.907999992370605	8.907999992370605	8.907999992370605	0.0	0.0
METTL21A	1.0	1.0	9.672999888658524	18.989999771118164	19.345999777317047	0.0	0.0
MFF	0.46379713099066366	0.4640296979006656	18.914999961853027	20.100000381469727	37.829999923706055	0.0	0.0
MFSD6	0.4398148148148148	0.4398148148148148	8.036999702453613	8.036999702453613	8.036999702453613	0.0	0.0
MFSD9	0.4097747818917714	0.7014134275618374	12.849499806761742	25.399999618530273	25.698999613523483	0.0	0.0
MLPH	0.38694076530777155	0.5325115331955455	1.7356666754931211	8.493000030517578	10.414000052958727	0.0	0.0
MMADHC	1.0	1.0	1.7580000162124634	1.7580000162124634	1.7580000162124634	0.0	0.0
MPHOSPH10	0.5323581253135187	0.4807359307359308	16.005000352859497	24.700000762939453	32.010000705718994	0.0	0.0
MPP4	1.0	1.0	14.399999618530273	14.399999618530273	14.399999618530273	0.0	0.0
MREG	1.0	1.0	13.180000305175781	13.180000305175781	13.180000305175781	0.0	0.0
MROH2A	0.9289280496274885	0.8598418534080299	7.286499872803688	25.799999237060547	87.43799847364426	0.0	0.0
MRPL30	0.5093785316545856	0.4921212121212122	0.0885000005364418	0.11100000143051147	0.1770000010728836	0.0	0.0
MRPL35	0.53125	0.53125	17.56999969482422	17.56999969482422	17.56999969482422	0.0	0.0
MRPL44	0.4691358024691358	0.4691358024691358	6.9079999923706055	6.9079999923706055	6.9079999923706055	0.0	0.0
MRPS5	0.4657534246575342	0.4657534246575342	7.3979997634887695	7.3979997634887695	7.3979997634887695	0.0	0.0
MRPS9	1.0	1.0	3.4549999237060547	3.4549999237060547	3.4549999237060547	0.0	0.0
MSGN1	0.6055127701350612	0.5782610115257779	5.543000082174937	8.869000434875488	16.62900024652481	0.0	0.0
MSH6	0.5148514851485149	0.5148514851485149	17.860000610351562	17.860000610351562	17.860000610351562	0.0	0.0
MTERF4	0.6937619328423875	0.7020062772026566	6.51200000445048	12.710000038146973	19.53600001335144	0.0	0.0
MTIF2	0.575881401185633	0.5795454545454546	3.2119998820126057	6.318999767303467	6.423999764025211	0.0	0.0
MXD1	0.48936170212765956	0.48936170212765956	6.36299991607666	6.36299991607666	6.36299991607666	0.0	0.0
MYO1B	0.7660515048492724	0.7220004765876326	8.600250005722046	10.140000343322754	34.401000022888184	0.0	0.0
MYO3B	0.8365449702617209	0.8646597741749845	7.9231429270335605	17.0	55.462000489234924	0.0	0.0
MYO7B	0.5280419510937908	0.561013622719926	3.2099998891353607	5.581999778747559	6.419999778270721	0.0	0.0
MYT1L	0.6335711614746995	0.6887755102040816	0.19449999928474426	0.2290000021457672	0.3889999985694885	0.0	0.0
NAGK	0.5058529402993006	0.5068640798729295	9.19849967956543	9.670999526977539	18.39699935913086	0.0	0.0
NAT8B	0.47652829065019336	0.47836593277769746	4.8169998824596405	13.359999656677246	14.450999647378922	0.0	0.0
NBAS	0.9984550791605042	0.9988764044943821	4.8888000814244155	15.970000267028809	24.444000407122076	0.0	0.0
NBEAL1	1.0	1.0	12.800000190734863	12.800000190734863	12.800000190734863	0.0	0.0
NCAPH	0.44972590494406106	0.4702278853222249	3.1380000710487366	4.9120001792907715	6.276000142097473	0.0	0.0
NCKAP1	1.0	1.0	2.0880000591278076	2.0880000591278076	2.0880000591278076	0.0	0.0
NCKAP5	0.48433249350660423	0.44467917786948524	3.6084285655191968	13.529999732971191	25.258999958634377	0.0	0.0
NCOA1	1.0	1.0	7.259999752044678	8.696999549865723	14.519999504089355	0.0	0.0
NDUFA10	0.6086956521739131	0.6086956521739131	1.2369999885559082	1.2369999885559082	1.2369999885559082	0.0	0.0
NDUFS1	0.6566047103389769	0.7023809523809523	10.123000144958496	11.680000305175781	20.246000289916992	0.0	0.0
NEB	0.7183924250094342	0.7050061109824869	14.889294096433064	25.5	253.1179996393621	0.0	0.0
NEMP2	0.5159277718119424	0.5422360248447204	1.0019999854266644	1.9049999713897705	2.0039999708533287	0.0	0.0
NEU2	0.5	0.5	0.0820000022649765	0.0820000022649765	0.0820000022649765	0.0	0.0
NEU4	0.9512573416015335	0.8921568627450981	0.6372000053524971	1.5670000314712524	3.1860000267624855	0.0	0.0
NEURL3	0.62	0.62	7.206999778747559	7.206999778747559	7.206999778747559	0.0	0.0
NEUROD1	1.0	1.0	11.109999656677246	11.109999656677246	11.109999656677246	0.0	0.0
NFU1	0.2708333333333333	0.2708333333333333	7.538000106811523	7.538000106811523	7.538000106811523	0.0	0.0
NGEF	1.0	1.0	2.362333331257105	5.4079999923706055	7.086999993771315	0.0	0.0
NLRC4	0.47460737929038677	0.48643410852713176	3.182499885559082	5.956999778747559	6.364999771118164	0.0	0.0
NMI	0.4733512345719595	0.4830860160965795	0.43250001361593604	0.859000027179718	0.8650000272318721	0.0	0.0
NMS	0.4444444444444444	0.4444444444444444	0.12200000137090683	0.12200000137090683	0.12200000137090683	0.0	0.0
NOSTRIN	1.0	1.0	9.020500153303146	17.18000030517578	18.041000306606293	0.0	0.0
NOTO	0.3870967741935484	0.3870967741935484	0.210999995470047	0.210999995470047	0.210999995470047	0.0	0.0
NPAS2	0.5152570178544549	0.462422634836428	0.41749998927116394	0.7009999752044678	0.8349999785423279	0.0	0.0
NRP2	0.8782320255410562	0.7845528455284553	6.477499842643738	9.293999671936035	12.954999685287476	0.0	0.0
NRXN1	1.0	1.0	19.09000015258789	19.09000015258789	19.09000015258789	0.0	0.0
NT5C1B	0.4132484938910645	0.41468253968253965	1.5005000233650208	2.5850000381469727	3.0010000467300415	0.0	0.0
NT5DC4	1.0	1.0	9.469499923288822	18.90999984741211	18.938999846577644	0.0	0.0
NTSR2	1.0	1.0	7.1519999504089355	7.1519999504089355	7.1519999504089355	0.0	0.0
NXPH2	0.5289017341040463	0.5289017341040463	1.8459999561309814	1.8459999561309814	1.8459999561309814	0.0	0.0
NYAP2	1.0	1.0	5.504666504605363	15.729999542236328	16.51399951381609	0.0	0.0
OBSL1	0.545424038900195	0.626487814503627	5.24049991380889	23.799999237060547	73.36699879332446	0.0	0.0
ODC1	0.47619047619047616	0.47619047619047616	3.5899999141693115	3.5899999141693115	3.5899999141693115	0.0	0.0
OR6B3	0.8942878773182219	0.8888888888888888	18.333332697550457	21.799999237060547	54.99999809265137	0.0	0.0
OSBPL6	1.0	1.0	9.83899974822998	9.83899974822998	9.83899974822998	0.0	0.0
OSGEPL1	1.0	1.0	0.03999999910593033	0.03999999910593033	0.03999999910593033	0.0	0.0
OTOF	0.5174482183843123	0.5265047879616963	13.770999431610107	17.6299991607666	27.541998863220215	0.0	0.0
OXER1	0.48148148148148145	0.48148148148148145	21.399999618530273	21.399999618530273	21.399999618530273	0.0	0.0
PAIP2B	0.7044544308520626	0.75	6.117499828338623	7.23199987411499	12.234999656677246	0.0	0.0
PARD3B	0.922013732347637	0.7387540592993986	5.457600140571595	15.850000381469727	27.28800070285797	0.0	0.0
PASK	0.5865101431923512	0.5379045912961561	1.5288333408534527	5.432000160217285	9.173000045120716	0.0	0.0
PAX3	1.0	1.0	2.3940000534057617	2.3940000534057617	2.3940000534057617	0.0	0.0
PCARE	0.45517241379310347	0.45517241379310347	16.989999771118164	16.989999771118164	16.989999771118164	0.0	0.0
PCYOX1	0.5633802816901409	0.5633802816901409	5.230999946594238	5.230999946594238	5.230999946594238	0.0	0.0
PDCD1	1.0	1.0	0.09000000357627869	0.09000000357627869	0.09000000357627869	0.0	0.0
PDCL3	0.46153846153846156	0.46153846153846156	11.630000114440918	11.630000114440918	11.630000114440918	0.0	0.0
PDE11A	1.0	1.0	12.23200011253357	19.020000457763672	24.46400022506714	0.0	0.0
PDIA6	0.39622641509433965	0.39622641509433965	5.605000019073486	5.605000019073486	5.605000019073486	0.0	0.0
PECR	1.0	1.0	9.420999526977539	9.420999526977539	9.420999526977539	0.0	0.0
PID1	0.3645833333333333	0.3645833333333333	7.730000019073486	7.730000019073486	7.730000019073486	0.0	0.0
PIKFYVE	0.8653989699603377	0.8525608854652972	8.928166800178587	17.170000076293945	107.13800160214305	0.0	0.0
PKP4	0.47297297297297297	0.47297297297297297	9.107999801635742	9.107999801635742	9.107999801635742	0.0	0.0
PLA2R1	1.0	1.0	4.644250066950917	14.760000228881836	18.57700026780367	0.0	0.0
PLB1	0.474199963897991	0.42838709886134446	10.743999901538094	23.899999618530273	64.46399940922856	0.0	0.0
PLCD4	1.0	1.0	7.47599983215332	7.47599983215332	7.47599983215332	0.0	0.0
PLCL1	0.5052447819081671	0.5217663639210773	16.59849977493286	26.899999618530273	33.19699954986572	0.0	0.0
PLEK	0.6662551002056465	0.6299868208747491	13.390000279992819	22.0	40.17000083997846	0.0	0.0
PLEKHM3	0.9937018354316568	0.7416666666666667	2.3789999037981033	4.699999809265137	4.757999807596207	0.0	0.0
PNKD	0.5106837606837606	0.5106837606837606	4.456999778747559	4.456999778747559	4.456999778747559	0.0	0.0
PNO1	0.5075420883941589	0.4972772277227723	12.850000381469727	15.640000343322754	25.700000762939453	0.0	0.0
PNPT1	0.6968110802111078	0.7674418604651163	17.104999542236328	22.299999237060547	34.209999084472656	0.0	0.0
POLR1A	0.7697765902528512	0.811842105263158	0.11033333589633305	0.13500000536441803	0.3310000076889992	0.0	0.0
POLR1B	0.5031394111896793	0.49186124609853427	5.86500009894371	11.550000190734863	11.73000019788742	0.0	0.0
POTEE	0.39116114618515235	0.6774193548387097	10.861500024795532	20.5	21.723000049591064	1.0	0.0
POTEF	0.7926657592267683	0.5819487577639751	8.607250013854355	18.90999984741211	34.42900005541742	1.0	0.0
POTEI	1.0	1.0	7.4048750611254945	17.899999618530273	59.239000489003956	1.0	0.0
POTEJ	0.6652507738324512	0.5213414634146342	9.18150007724762	14.960000038146973	18.36300015449524	0.0	0.0
PPIG	0.5	0.5	8.274999618530273	8.274999618530273	8.274999618530273	0.0	0.0
PPP1CB	1.0	1.0	5.631999969482422	5.631999969482422	5.631999969482422	0.0	0.0
PPP3R1	0.5051546391752577	0.5051546391752577	11.09000015258789	11.09000015258789	11.09000015258789	0.0	0.0
PPP4R3B	1.0	1.0	0.020999999716877937	0.020999999716877937	0.020999999716877937	0.0	0.0
PRKRA	0.2973245575210212	0.33262902062653643	20.754000186920166	27.600000381469727	103.77000093460083	0.0	0.0
PROC	0.6411580648603304	0.621031746031746	5.4826666712760925	12.210000038146973	16.448000013828278	0.0	0.0
PROM2	0.5243599602759532	0.49387254901960786	9.258000373840332	17.200000762939453	18.516000747680664	0.0	0.0
PRSS56	0.520410524318782	0.5115740740740741	12.244500160217285	15.84000015258789	24.48900032043457	0.0	0.0
PSD4	0.4492753623188406	0.4492753623188406	7.84499979019165	7.84499979019165	7.84499979019165	0.0	0.0
PSME4	0.5095040767059321	0.5052662563124666	10.295499682426453	19.969999313354492	41.18199872970581	0.0	0.0
PTH2R	0.6621644047471136	0.7835051546391752	5.055499911308289	7.888999938964844	10.110999822616577	0.0	0.0
PUS10	0.6511627906976745	0.6511627906976745	7.13100004196167	7.13100004196167	7.13100004196167	0.0	0.0
PXDN	0.8102285248730013	0.6962121212121213	3.8357500210404396	6.699999809265137	15.343000084161758	0.0	0.0
R3HDM1	0.46072564917493875	0.463883290143008	19.454999923706055	22.5	38.90999984741211	0.0	0.0
RAB11FIP5	0.9960294115605239	0.71875	6.374999925494194	12.65999984741211	12.749999850988388	0.0	0.0
RAB3GAP1	0.7017543859649122	0.7017543859649122	4.993000030517578	4.993000030517578	4.993000030517578	0.0	0.0
RAB6C	0.5079365079365079	0.5079365079365079	7.290999889373779	7.290999889373779	7.290999889373779	0.0	0.0
RABL2A	0.5555555555555556	0.5555555555555556	29.600000381469727	29.600000381469727	29.600000381469727	0.0	0.0
RAD51AP2	0.4680294640458907	0.4677330391616106	3.100000023841858	3.1489999294281006	6.200000047683716	0.0	0.0
RANBP2	1.0	1.0	3.9170000553131104	3.9170000553131104	3.9170000553131104	0.0	0.0
RAPH1	1.0	1.0	4.960000038146973	8.670000076293945	9.920000076293945	0.0	0.0
RBMS1	1.0	1.0	2.515000104904175	2.515000104904175	2.515000104904175	0.0	0.0
REEP1	0.5	0.5	2.049999952316284	2.049999952316284	2.049999952316284	0.0	0.0
REG3G	0.5238095238095238	0.5238095238095238	0.5299999713897705	0.5299999713897705	0.5299999713897705	0.0	0.0
REV1	0.4735025743948521	0.5143552815877576	5.554666767517726	12.760000228881836	16.664000302553177	0.0	0.0
RFTN2	0.43243243243243246	0.43243243243243246	6.888999938964844	6.888999938964844	6.888999938964844	0.0	0.0
RFX8	1.0	1.0	11.839999675750732	13.529999732971191	23.679999351501465	0.0	0.0
RGPD1	0.7	0.7	17.549999237060547	17.549999237060547	17.549999237060547	0.0	0.0
RGPD3	0.5624579378368845	0.6363636363636364	19.85699999332428	36.0	39.71399998664856	0.0	1.0
RGPD4	0.5714285714285714	0.5714285714285714	4.294000148773193	4.294000148773193	4.294000148773193	0.0	0.0
RIF1	0.504423466205171	0.7466814159292036	1.6857500188052654	6.670000076293945	6.743000075221062	0.0	0.0
RMDN2	0.5172413793103449	0.5172413793103449	5.021999835968018	5.021999835968018	5.021999835968018	0.0	0.0
RMND5A	0.44680851063829785	0.44680851063829785	8.378000259399414	8.378000259399414	8.378000259399414	0.0	0.0
RNASEH1	0.4107142857142857	0.4107142857142857	0.20900000631809235	0.20900000631809235	0.20900000631809235	0.0	0.0
RNF144A	1.0	1.0	17.59000015258789	17.59000015258789	17.59000015258789	0.0	0.0
RNF149	1.0	1.0	0.017999999225139618	0.017999999225139618	0.017999999225139618	0.0	0.0
RNF181	0.47183098591549294	0.47183098591549294	10.800000190734863	10.800000190734863	10.800000190734863	0.0	0.0
RNF25	0.4375	0.4375	24.700000762939453	24.700000762939453	24.700000762939453	0.0	0.0
RPE	0.46875	0.46875	9.0600004196167	9.0600004196167	9.0600004196167	0.0	0.0
RTP5	1.0	1.0	15.050000190734863	15.050000190734863	15.050000190734863	0.0	0.0
SAG	1.0	1.0	1.687000036239624	1.687000036239624	1.687000036239624	0.0	0.0
SCLY	1.0	1.0	21.299999237060547	21.299999237060547	21.299999237060547	0.0	0.0
SCN1A	1.0	1.0	3.4276666343212128	7.454999923706055	10.282999902963638	0.0	0.0
SCN2A	0.6470588235294118	0.6470588235294118	9.013999938964844	9.013999938964844	9.013999938964844	0.0	0.0
SCN7A	1.0	1.0	0.07300000172108412	0.12700000405311584	0.14600000344216824	0.0	0.0
SCN9A	1.0	1.0	7.875666697820027	12.539999961853027	47.254000186920166	0.0	0.0
SCRN3	0.6	0.6	22.0	22.0	22.0	0.0	0.0
SCTR	0.5526315789473685	0.5526315789473685	0.054999999701976776	0.054999999701976776	0.054999999701976776	0.0	0.0
SDC1	1.0	1.0	4.61299991607666	4.61299991607666	4.61299991607666	0.0	0.0
SELENOI	1.0	1.0	9.277000427246094	9.277000427246094	9.277000427246094	0.0	0.0
SEMA4F	0.44339622641509435	0.44339622641509435	0.35600000619888306	0.35600000619888306	0.35600000619888306	0.0	0.0
SERPINE2	0.46357615894039733	0.46357615894039733	2.4200000762939453	2.4200000762939453	2.4200000762939453	0.0	0.0
SESTD1	1.0	1.0	8.52299976348877	8.52299976348877	8.52299976348877	0.0	0.0
SF3B1	0.4655781806745904	0.46910403426360875	9.488333702087402	11.100000381469727	28.465001106262207	0.0	0.0
SF3B6	0.38181818181818183	0.38181818181818183	7.993000030517578	7.993000030517578	7.993000030517578	0.0	0.0
SFTPB	0.42105263157894735	0.42105263157894735	14.630000114440918	14.630000114440918	14.630000114440918	0.0	0.0
SGO2	0.466411176008205	0.4680217309853878	1.0850000083446503	1.6119999885559082	2.1700000166893005	0.0	0.0
SGPP2	1.0	1.0	1.3240000009536743	1.3240000009536743	1.3240000009536743	0.0	0.0
SH3BP4	0.9515701386994948	0.6529806553493881	1.1523333340883255	3.125	3.4570000022649765	0.0	0.0
SH3RF3	0.42168674698795183	0.42168674698795183	23.600000381469727	23.600000381469727	23.600000381469727	0.0	0.0
SH3YL1	0.5416666666666666	0.5416666666666666	10.989999771118164	10.989999771118164	10.989999771118164	0.0	0.0
SIX3	1.0	1.0	12.550000190734863	12.550000190734863	12.550000190734863	0.0	0.0
SLC11A1	0.6155140454388475	0.7971014492753623	6.416999936103821	12.15999984741211	12.833999872207642	0.0	0.0
SLC19A3	0.5022759141145722	0.5044354838709677	9.203500270843506	10.170000076293945	18.40700054168701	0.0	0.0
SLC25A12	1.0	1.0	4.9629998207092285	4.9629998207092285	4.9629998207092285	0.0	0.0
SLC38A11	0.4230769230769231	0.4230769230769231	0.9679999947547913	0.9679999947547913	0.9679999947547913	0.0	0.0
SLC3A1	0.4653270006083916	0.47282608695652173	2.975000023841858	3.7960000038146973	5.950000047683716	0.0	0.0
SLC40A1	0.48344370860927155	0.48344370860927155	7.730999946594238	7.730999946594238	7.730999946594238	0.0	0.0
SLC4A3	0.7252160522842397	0.888888888888889	9.259800010919571	22.899999618530273	46.299000054597855	0.0	0.0
SLC4A5	0.5283018867924528	0.5283018867924528	0.7720000147819519	0.7720000147819519	0.7720000147819519	0.0	0.0
SLC5A6	0.5365920888618932	0.611340899351273	12.345999956130981	18.709999084472656	49.383999824523926	0.0	0.0
SLC5A7	0.47540983606557374	0.47540983606557374	18.969999313354492	18.969999313354492	18.969999313354492	0.0	0.0
SMC6	0.47002607260865004	0.47293539473223967	18.90000009536743	22.100000381469727	37.80000019073486	0.0	0.0
SMPD4	0.2532467532467532	0.2532467532467532	42.0	42.0	42.0	0.0	1.0
SMYD1	0.7861887452390363	0.7039473684210527	9.0625	11.579999923706055	18.125	0.0	0.0
SNED1	0.42355477613432	0.611111111111111	12.16266655921936	21.5	36.48799967765808	0.0	0.0
SNORC	1.0	1.0	3.4089999198913574	3.4089999198913574	3.4089999198913574	0.0	0.0
SNRNP200	0.47560975609756095	0.47560975609756095	8.642000198364258	8.642000198364258	8.642000198364258	0.0	0.0
SNTG2	0.6666666666666666	0.6666666666666666	0.2150000035762787	0.2150000035762787	0.2150000035762787	0.0	0.0
SOCS5	0.3333333333333333	0.3333333333333333	5.197999954223633	5.197999954223633	5.197999954223633	0.0	0.0
SOWAHC	1.0	1.0	9.09000015258789	9.09000015258789	9.09000015258789	0.0	0.0
SP100	1.0	1.0	0.49966666963882744	1.4390000104904175	1.4990000089164823	0.0	0.0
SP110	0.49308247368492425	0.6772814366006441	3.8362499214708805	15.399999618530273	30.689999371767044	0.0	0.0
SP140	0.5474407817383979	0.5844556677890012	0.5700000077486038	1.1230000257492065	1.7100000232458115	0.0	0.0
SP140L	0.4644009251168033	0.4717687074829932	5.440999984741211	6.484000205993652	10.881999969482422	0.0	0.0
SP5	0.5514018691588785	0.5514018691588785	14.069999694824219	14.069999694824219	14.069999694824219	0.0	0.0
SP9	0.4946236559139785	0.4946236559139785	6.498000144958496	6.498000144958496	6.498000144958496	0.0	0.0
SPAG16	0.5551824684686633	0.54217568353694	9.39600034058094	18.530000686645508	18.79200068116188	0.0	0.0
SPATA3	0.44536640086661283	0.5272486772486772	8.60833320269982	24.899999618530273	25.82499960809946	0.0	0.0
SPATS2L	0.3888888888888889	0.3888888888888889	7.9730000495910645	7.9730000495910645	7.9730000495910645	0.0	0.0
SPEG	0.5832670122116814	0.6538422688464282	8.18249997496605	20.5	65.4599997997284	0.0	0.0
SPEGNB	0.769894113510846	0.7701149425287357	15.615000247955322	15.630000114440918	31.230000495910645	0.0	0.0
SPHKAP	0.5372015411696311	0.5207027540360873	7.7616666952768965	14.369999885559082	23.28500008583069	0.0	0.0
SPP2	1.0	1.0	0.12800000607967377	0.12800000607967377	0.12800000607967377	0.0	0.0
SPRED2	0.5095057034220533	0.5095057034220533	6.4019999504089355	6.4019999504089355	6.4019999504089355	0.0	0.0
SPTBN1	0.48562675200275185	0.4873169520972946	4.984333197275798	5.2129998207092285	14.952999591827393	0.0	0.0
SRD5A2	0.509090909090909	0.509090909090909	4.01200008392334	4.01200008392334	4.01200008392334	0.0	0.0
SSB	0.6036036036036037	0.6036036036036037	9.645999908447266	9.645999908447266	9.645999908447266	0.0	0.0
ST6GAL2	0.5648417356635738	0.561967178175618	5.342750105075538	10.180000305175781	21.371000420302153	0.0	0.0
STK11IP	0.9961310460436091	0.7745098039215687	7.751499943435192	15.369999885559082	15.502999886870384	0.0	0.0
STK16	1.0	1.0	3.252000093460083	3.252000093460083	3.252000093460083	0.0	0.0
STK17B	0.42156554741167496	0.42086321274138533	10.831666628519693	13.430000305175781	32.49499988555908	0.0	0.0
STK36	0.5652173913043478	0.5652173913043478	6.178999900817871	6.178999900817871	6.178999900817871	0.0	0.0
STON1	0.9960568250273741	0.67002442002442	2.4830000523943454	7.386000156402588	7.449000157183036	0.0	0.0
STPG4	0.4797297297297297	0.4797297297297297	0.4440000057220459	0.4440000057220459	0.4440000057220459	0.0	0.0
STRADB	1.0	1.0	7.657999753952026	9.845999717712402	15.315999507904053	0.0	0.0
SUMO1	0.5	0.5	1.5750000476837158	1.5750000476837158	1.5750000476837158	0.0	0.0
TAF1B	0.6246990382875726	0.6810495520418721	9.850571496146065	20.200000762939453	68.95400047302246	0.0	0.0
TANC1	0.7688995272811128	0.7200274005084901	6.816399943456053	15.720000267028809	34.08199971728027	0.0	0.0
TBC1D8	0.4520547945205479	0.4520547945205479	4.90500020980835	4.90500020980835	4.90500020980835	0.0	0.0
TEKT4	0.5971419872795918	0.7272727272727273	14.35200047492981	21.200000762939453	28.70400094985962	0.0	0.0
TET3	0.48333333333333334	0.48333333333333334	13.619999885559082	13.619999885559082	13.619999885559082	0.0	0.0
TEX261	1.0	1.0	15.34000015258789	15.34000015258789	15.34000015258789	0.0	0.0
TEX44	1.0	1.0	1.6200000047683716	1.6200000047683716	1.6200000047683716	0.0	0.0
TFCP2L1	1.0	1.0	0.22300000488758087	0.22300000488758087	0.22300000488758087	0.0	0.0
TFPI	0.43902439024390244	0.43902439024390244	18.200000762939453	18.200000762939453	18.200000762939453	0.0	0.0
TGFA	0.5370370370370371	0.5370370370370371	8.437000274658203	8.437000274658203	8.437000274658203	0.0	0.0
TGFBRAP1	1.0	1.0	1.4025000482797623	2.3540000915527344	2.8050000965595245	0.0	0.0
THADA	0.46669518278790695	0.4725124405898348	9.944999938209852	23.299999237060547	59.66999962925911	0.0	0.0
THAP4	0.5775792056885256	0.532132456398678	4.068000018596649	7.993000030517578	8.136000037193298	0.0	0.0
THNSL2	0.5222647971337556	0.5166149025911951	13.0956662495931	18.209999084472656	39.2869987487793	0.0	0.0
THSD7B	0.5019527345153756	0.505271407532085	7.499249994754791	14.710000038146973	29.996999979019165	0.0	0.0
TMBIM1	0.42554155246990094	0.5599128540305011	2.68566669896245	6.046000003814697	8.05700009688735	0.0	0.0
TMEM150A	0.5869565217391305	0.5869565217391305	1.4579999446868896	1.4579999446868896	1.4579999446868896	0.0	0.0
TMEM17	1.0	1.0	7.9629998207092285	7.9629998207092285	7.9629998207092285	0.0	0.0
TMEM177	0.6680098482998481	0.6376312633686473	6.922249926137738	19.149999618530273	27.68899970455095	0.0	0.0
TMEM18	0.29411764705882354	0.29411764705882354	3.3269999027252197	3.3269999027252197	3.3269999027252197	0.0	0.0
TMEM182	1.0	1.0	8.407999992370605	8.407999992370605	8.407999992370605	0.0	0.0
TMEM185B	1.0	1.0	24.399999618530273	24.399999618530273	24.399999618530273	0.0	0.0
TMEM198	0.882925040483814	0.8167539267015708	10.978333473205566	17.940000534057617	32.9350004196167	0.0	0.0
TMEM214	0.5434782608695652	0.5434782608695652	26.700000762939453	26.700000762939453	26.700000762939453	0.0	0.0
TNS1	0.7836023941438218	0.7405181525922169	6.838714292272925	22.399999618530273	95.74200009182096	0.0	0.0
TOGARAM2	0.7044711920703278	0.711474033320945	8.290777673944831	18.479999542236328	74.61699906550348	0.0	0.0
TPO	0.5919956943923861	0.5296465986121158	7.592499946709722	23.399999618530273	30.36999978683889	0.0	0.0
TPRKB	0.65625	0.65625	8.581999778747559	8.581999778747559	8.581999778747559	0.0	0.0
TRAF3IP1	0.6736545959112201	0.7162764771460424	14.816666603088379	18.3799991607666	44.44999980926514	0.0	0.0
TRAK2	1.0	1.0	13.059499740600586	18.809999465942383	26.118999481201172	0.0	0.0
TRAPPC12	0.4479638009049774	0.4479638009049774	6.500999927520752	6.500999927520752	6.500999927520752	0.0	0.0
TRIP12	0.4816753926701571	0.4816753926701571	7.35699987411499	7.35699987411499	7.35699987411499	0.0	0.0
TRPM8	0.5714285714285714	0.5714285714285714	1.6059999465942383	1.6059999465942383	1.6059999465942383	0.0	0.0
TSPYL6	0.375	0.375	12.0	12.0	12.0	0.0	0.0
TTC21B	0.9945714517461451	0.8365180467091294	9.757333000500997	21.299999237060547	29.27199900150299	0.0	0.0
TTC27	1.0	1.0	6.550500154495239	8.541000366210938	13.101000308990479	0.0	0.0
TTC30A	0.9979055168573802	0.8524173027989822	6.905333183705807	14.489999771118164	20.71599955111742	0.0	0.0
TTC30B	1.0	1.0	15.195000171661377	23.600000381469727	30.390000343322754	0.0	0.0
TTC7A	0.4375	0.4375	14.319999694824219	14.319999694824219	14.319999694824219	0.0	0.0
TTL	0.5121951219512195	0.5121951219512195	0.8560000061988831	0.8560000061988831	0.8560000061988831	0.0	0.0
TTN	0.6261735288495375	0.620705817300975	11.041365347157877	23.899999618530273	574.1509980522096	1.0	0.0
TUBA3E	0.5119587268819217	0.5753881102794146	11.244166453679403	26.799999237060547	134.92999744415283	0.0	0.0
TUBA4B	1.0	1.0	7.427333434422811	13.800000190734863	22.282000303268433	0.0	0.0
UBR3	1.0	1.0	6.193999767303467	6.193999767303467	6.193999767303467	0.0	0.0
UBXN4	0.5371900826446281	0.5371900826446281	4.934999942779541	4.934999942779541	4.934999942779541	0.0	0.0
UGGT1	0.8033407166889414	0.8705882352941178	5.799399995803833	8.812999725341797	28.996999979019165	0.0	0.0
UGT1A3	0.3157838341968414	0.3702865761689291	0.23924999311566353	0.5019999742507935	0.9569999724626541	0.0	0.0
UGT1A4	1.0	1.0	1.0549999475479126	1.0549999475479126	1.0549999475479126	0.0	0.0
UGT1A5	0.5	0.5	1.906000018119812	1.906000018119812	1.906000018119812	0.0	0.0
UGT1A6	0.430586614628035	0.47433687602661545	3.630499914288521	12.569999694824219	14.521999657154083	0.0	0.0
UGT1A7	0.5496290122989962	0.5339362789641072	0.5497999902814626	1.434999942779541	2.7489999514073133	0.0	0.0
UGT1A8	0.36363636363636365	0.36363636363636365	6.3520002365112305	6.3520002365112305	6.3520002365112305	0.0	0.0
UNC50	0.5259259259259259	0.5259259259259259	0.16500000655651093	0.16500000655651093	0.16500000655651093	0.0	0.0
UNC80	0.4875	0.4875	5.054999828338623	5.054999828338623	5.054999828338623	0.0	0.0
USP34	0.8023695521476757	0.7447183098591549	8.01675009727478	13.920000076293945	32.06700038909912	0.0	0.0
USP37	1.0	1.0	11.079999923706055	11.079999923706055	11.079999923706055	0.0	0.0
USP40	0.9974337292961146	0.9991071428571429	5.9216001480817795	17.020000457763672	29.608000740408897	0.0	0.0
VAMP5	0.56	0.56	2.253999948501587	2.253999948501587	2.253999948501587	0.0	0.0
VAMP8	0.631451045136318	0.6198863636363636	9.912499904632568	10.979999542236328	19.824999809265137	0.0	0.0
VAX2	0.7494521338489986	0.7748815165876777	15.624999523162842	17.389999389648438	31.249999046325684	0.0	0.0
VPS54	0.5	0.5	19.8700008392334	19.8700008392334	19.8700008392334	0.0	0.0
VWA3B	1.0	1.0	3.779666585226854	6.785999774932861	11.338999755680561	0.0	0.0
WBP1	0.4838709677419355	0.4838709677419355	4.117000102996826	4.117000102996826	4.117000102996826	0.0	0.0
WDR33	0.4827586206896552	0.4827586206896552	10.579999923706055	10.579999923706055	10.579999923706055	0.0	0.0
WDR35	0.4603174603174603	0.4603174603174603	21.0	21.0	21.0	0.0	0.0
WDR43	0.7608607438885128	0.6345064724919094	5.816333492596944	9.930000305175781	17.449000477790833	0.0	0.0
WDR75	1.0	1.0	2.2339999675750732	2.2339999675750732	2.2339999675750732	0.0	0.0
WIPF1	1.0	1.0	14.289999961853027	14.289999961853027	14.289999961853027	0.0	0.0
XDH	0.7659765936332802	0.5889824461253033	3.9402498563285917	8.630999565124512	15.760999425314367	0.0	0.0
XIRP2	0.42857142857142855	0.42857142857142855	3.6579999923706055	3.6579999923706055	3.6579999923706055	0.0	0.0
XRCC5	1.0	1.0	0.42899999022483826	0.42899999022483826	0.42899999022483826	0.0	0.0
ZC3H6	0.9943749144934899	0.9962686567164178	1.3624999523162842	2.053999900817871	2.7249999046325684	0.0	0.0
ZDBF2	1.0	1.0	0.7983333170413971	1.2079999446868896	2.3949999511241913	0.0	0.0
ZFP36L2	0.5099636408704838	0.5266203703703703	15.839999675750732	21.399999618530273	31.679999351501465	0.0	0.0
ZNF142	0.7580303776389962	0.8316831683168316	11.623666127522787	16.969999313354492	34.87099838256836	0.0	0.0
ZNF512	1.0	1.0	0.3840000033378601	0.3840000033378601	0.3840000033378601	0.0	0.0
ZNF638	1.0	1.0	7.966999769210815	8.371999740600586	15.93399953842163	0.0	0.0
ZNF804A	0.5065666322219752	0.47951976258768814	4.100333203872045	17.459999084472656	24.60199922323227	0.0	0.0
ZSWIM2	0.4772674000647962	0.4654649172693905	3.4726249729283154	17.75	27.780999783426523	0.0	0.0
