Gene	CADD_weighted_avg_AF	avg_AF	avg_CADD_PHRED	max_CADD_PHRED	sum_CADD_PHRED	HFI	LoH
AAK1	1.0	1.0	12.948000192642212	18.510000228881836	25.896000385284424	0.0	0.0
ABCA12	0.5358772267391461	0.7021946169772256	1.730999970436096	6.5279998779296875	8.654999852180481	0.0	0.0
ABCB11	0.9988518061972151	0.7452830188679245	9.09549980983138	18.149999618530273	18.19099961966276	0.0	0.0
ABCB6	1.0	1.0	2.819000005722046	2.819000005722046	2.819000005722046	0.0	0.0
ABCG5	0.5645161290322581	0.5645161290322581	24.299999237060547	24.299999237060547	24.299999237060547	0.0	0.0
ABCG8	0.4562729496561795	0.46400672780136193	8.87739993929863	18.739999771118164	44.38699969649315	0.0	0.0
ACKR3	0.52488200579362	0.5115168539325843	6.952500104904175	8.463000297546387	13.90500020980835	0.0	0.0
ACOXL	0.3333333333333333	0.3333333333333333	18.329999923706055	18.329999923706055	18.329999923706055	0.0	0.0
ACTG2	0.5769230769230769	0.5769230769230769	11.859999656677246	11.859999656677246	11.859999656677246	0.0	0.0
ACTR1B	0.5116279069767442	0.5116279069767442	0.03700000047683716	0.03700000047683716	0.03700000047683716	0.0	0.0
ACVR1	1.0	1.0	3.585499942302704	6.053999900817871	7.170999884605408	0.0	0.0
ACVR1C	0.34615384615384615	0.34615384615384615	7.669000148773193	7.669000148773193	7.669000148773193	0.0	0.0
ADAM17	1.0	1.0	1.9079999923706055	1.9079999923706055	1.9079999923706055	0.0	0.0
ADAM23	0.47540983606557374	0.47540983606557374	9.267000198364258	9.267000198364258	9.267000198364258	0.0	0.0
ADCY3	0.588563488597877	0.5074274441343015	2.3256666362285614	3.8469998836517334	6.976999908685684	0.0	0.0
ADGRF3	1.0	1.0	10.647500038146973	16.420000076293945	21.295000076293945	0.0	0.0
ADI1	0.5378698612037565	0.5164473684210527	0.770499974489212	1.4249999523162842	1.540999948978424	0.0	0.0
ADRA2B	0.5	0.5	0.04399999976158142	0.04399999976158142	0.04399999976158142	0.0	0.0
AFF3	1.0	1.0	0.23000000417232513	0.4090000092983246	0.46000000834465027	0.0	0.0
AGAP1	1.0	1.0	4.510666745404403	9.378000259399414	13.532000236213207	0.0	0.0
AGFG1	0.5714285714285714	0.5714285714285714	0.5040000081062317	0.5040000081062317	0.5040000081062317	0.0	0.0
AGXT	0.40540540540540543	0.40540540540540543	0.06800000369548798	0.06800000369548798	0.06800000369548798	0.0	0.0
ALK	0.7851530951053546	0.7304259817372138	5.386249917093664	18.049999237060547	43.089999336749315	0.0	0.0
ALMS1	0.45280527978951995	0.49443175575779785	2.698285680580219	17.6299991607666	37.775999528123066	0.0	0.0
ALPG	0.9986449864946345	0.9772727272727273	0.18450000509619713	0.3580000102519989	0.36900001019239426	0.0	0.0
ALPP	0.8506321903472209	0.7900552486187845	0.12650000303983688	0.16300000250339508	0.25300000607967377	0.0	0.0
ALS2	0.4666786721119084	0.7291505791505792	4.277250015409663	12.25	17.109000061638653	0.0	0.0
AMER3	0.550225217697405	0.7553191489361701	3.4860000014305115	6.4079999923706055	6.972000002861023	0.0	0.0
ANAPC1	0.5298402476830767	0.6235042735042735	14.420667012532553	24.600000381469727	43.262001037597656	0.0	0.0
ANKAR	1.0	1.0	3.3530000438913703	6.683000087738037	6.706000087782741	0.0	0.0
ANKMY1	0.4215543117559347	0.41993428258488497	13.510500013828278	26.0	27.021000027656555	0.0	0.0
ANKRD36	0.5230117889971482	0.5077003542600977	6.1929231356256285	22.600000381469727	80.50800076313317	0.0	0.0
ANKRD36B	0.42240559687458046	0.4051201201201201	4.286200004816055	10.029999732971191	21.431000024080276	0.0	0.0
ANKRD36C	0.4252051920504944	0.5300244524895219	7.124200109019876	19.739999771118164	71.24200109019876	0.0	0.0
ANKRD53	0.5540985852281197	0.4751966366431353	5.9007498025894165	17.3799991607666	23.602999210357666	0.0	0.0
ANO7	0.45436563027140225	0.5317096540150756	8.088000164500304	23.100000381469727	56.61600115150213	0.0	0.0
AOX1	0.4482758620689655	0.4482758620689655	0.004999999888241291	0.004999999888241291	0.004999999888241291	0.0	0.0
APOB	0.6964313727825859	0.6736117388291302	10.91700017824769	27.5	65.50200106948614	0.0	0.0
AQP12A	0.5130890052356021	0.5130890052356021	7.026000022888184	7.026000022888184	7.026000022888184	0.0	0.0
AQP12B	0.6771731572940671	0.6205524790592373	9.887499928474426	24.399999618530273	39.549999713897705	0.0	0.0
ARHGAP15	0.44	0.44	6.61899995803833	6.61899995803833	6.61899995803833	0.0	0.0
ARHGEF33	1.0	1.0	16.704999923706055	19.93000030517578	33.40999984741211	0.0	0.0
ARHGEF4	0.9999999871184885	1.0	2.329666684071223	5.538000106811523	13.978000104427338	0.0	0.0
ARMC9	0.9209552326838526	0.7857142857142857	17.369000275929768	23.5	52.10700082778931	0.0	0.0
ASAP2	0.48795705517143567	0.6478388278388278	9.82399994134903	17.309999465942383	29.47199982404709	0.0	0.0
ASB1	0.4918032786885246	0.4918032786885246	2.4779999256134033	2.4779999256134033	2.4779999256134033	0.0	0.0
ASB18	0.6304347826086957	0.6304347826086957	19.450000762939453	19.450000762939453	19.450000762939453	0.0	0.0
ASIC4	0.8483908073570833	0.8119658119658121	8.336999972661337	15.029999732971191	25.01099991798401	0.0	0.0
ASNSD1	1.0	1.0	6.859000205993652	6.859000205993652	6.859000205993652	0.0	0.0
ASPRV1	0.45454545454545453	0.45454545454545453	0.3889999985694885	0.3889999985694885	0.3889999985694885	0.0	0.0
ASTL	0.5090452862331983	0.6311950657695339	4.818249955773354	14.869999885559082	19.272999823093414	0.0	0.0
ATAD2B	0.550561797752809	0.550561797752809	8.880999565124512	8.880999565124512	8.880999565124512	0.0	0.0
ATG16L1	1.0	1.0	0.6230000257492065	0.6230000257492065	0.6230000257492065	0.0	0.0
ATG4B	0.47692307692307695	0.47692307692307695	15.3100004196167	15.3100004196167	15.3100004196167	0.0	0.0
ATG9A	1.0	1.0	0.11500000208616257	0.11500000208616257	0.11500000208616257	0.0	0.0
ATIC	1.0	1.0	23.5	23.5	23.5	0.0	0.0
ATL2	0.49493812697313033	0.4819078947368421	14.364999771118164	18.579999923706055	28.729999542236328	0.0	0.0
ATOH8	0.5423728813559322	0.5423728813559322	23.899999618530273	23.899999618530273	23.899999618530273	0.0	0.0
ATP6V1B1	0.5141351854028652	0.5204889530840422	10.657800245285035	22.700000762939453	53.28900122642517	0.0	0.0
ATRAID	1.0	1.0	2.8369998931884766	2.8369998931884766	2.8369998931884766	0.0	0.0
BARD1	0.999822381222881	0.8939393939393939	4.776999946450815	15.739999771118164	19.10799978580326	0.0	0.0
BAZ2B	1.0	1.0	22.299999237060547	22.299999237060547	22.299999237060547	0.0	0.0
BCL11A	0.5039370078740157	0.5039370078740157	12.899999618530273	12.899999618530273	12.899999618530273	0.0	0.0
BCL2L11	1.0	1.0	1.6349999904632568	1.6349999904632568	1.6349999904632568	0.0	0.0
BIRC6	0.4345834889519465	0.45064836003051106	10.132333755493164	16.6200008392334	30.397001266479492	0.0	0.0
BMPR2	0.4647887323943662	0.4647887323943662	6.789999961853027	6.789999961853027	6.789999961853027	0.0	0.0
BOK	0.5319148936170213	0.5319148936170213	25.299999237060547	25.299999237060547	25.299999237060547	0.0	0.0
C1D	0.4722222222222222	0.4722222222222222	7.039000034332275	7.039000034332275	7.039000034332275	0.0	0.0
C1GALT1C1L	1.0	1.0	4.736999988555908	5.828000068664551	9.473999977111816	0.0	0.0
C1QL2	0.45212092836539536	0.48964912280701756	6.170999765396118	9.847999572753906	12.341999530792236	0.0	0.0
C2CD6	0.9992307692281668	0.7999999999999999	0.780000004141281	1.378000020980835	2.340000012423843	0.0	0.0
C2orf49	0.2631578947368421	0.2631578947368421	14.819999694824219	14.819999694824219	14.819999694824219	0.0	0.0
C2orf72	1.0	1.0	4.498499780893326	8.005999565124512	8.996999561786652	0.0	0.0
C2orf73	0.4771876826447577	0.4635978835978836	14.069999694824219	18.989999771118164	42.209999084472656	0.0	0.0
C2orf80	1.0	1.0	14.865499496459961	20.299999237060547	29.730998992919922	0.0	0.0
C2orf81	0.5294117647058824	0.5294117647058824	3.740999937057495	3.740999937057495	3.740999937057495	0.0	0.0
C2orf83	0.9177030652155542	0.7830188679245282	1.1970000267028809	1.940000057220459	2.3940000534057617	0.0	0.0
CAPN10	0.4690758078503389	0.7325581395348837	3.850000062957406	7.64300012588501	7.700000125914812	0.0	0.0
CAPN13	0.474733828977469	0.7272727272727273	3.7015000879764557	7.129000186920166	7.403000175952911	0.0	0.0
CAPN14	0.6563901802544861	0.7345922998096911	9.9795001745224	24.700000762939453	39.9180006980896	0.0	0.0
CARF	0.3902439024390244	0.3902439024390244	15.279999732971191	15.279999732971191	15.279999732971191	0.0	0.0
CASP10	0.47456674447062464	0.426659125188537	6.778499871492386	12.779999732971191	13.556999742984772	0.0	0.0
CASP8	0.4445819455854683	0.4590909090909091	8.117499828338623	12.6899995803833	16.234999656677246	0.0	0.0
CATIP	0.6425949016072972	0.6951219512195121	2.7570000886917114	3.2320001125335693	5.514000177383423	0.0	0.0
CAVIN2	0.5	0.5	1.1690000295639038	1.1690000295639038	1.1690000295639038	0.0	0.0
CCDC138	1.0	1.0	6.796000003814697	6.796000003814697	6.796000003814697	0.0	0.0
CCDC141	0.5590714403752806	0.6722222222222222	11.960000356038412	22.700000762939453	35.880001068115234	0.0	0.0
CCDC148	1.0	1.0	11.619999885559082	11.619999885559082	11.619999885559082	0.0	0.0
CCDC150	0.5416666666666666	0.5416666666666666	23.799999237060547	23.799999237060547	23.799999237060547	0.0	0.0
CCDC74A	0.42870857042936816	0.3387059547622711	6.468999892473221	12.199999809265137	12.937999784946442	0.0	0.0
CCDC74B	0.39915159792385	0.7583333333333333	1.4929999609788258	3.7119998931884766	4.478999882936478	0.0	0.0
CCDC85A	1.0	1.0	6.322000026702881	6.322000026702881	6.322000026702881	0.0	0.0
CCDC93	0.6	0.6	12.229999542236328	12.229999542236328	12.229999542236328	0.0	0.0
CCNT2	0.3419373963494988	0.37280701754385964	4.807500123977661	5.89900016784668	9.615000247955322	0.0	0.0
CCT7	0.3988840075376858	0.4685594512195122	5.366000175476074	10.140000343322754	10.732000350952148	0.0	0.0
CD207	1.0	1.0	2.049499973654747	3.74399995803833	4.098999947309494	0.0	0.0
CD8B	0.48243258999844374	0.4807692307692308	13.179999828338623	14.319999694824219	26.359999656677246	0.0	0.0
CD8B2	0.5350439269103752	0.5008148631029987	2.098999947309494	3.3269999027252197	4.197999894618988	0.0	0.0
CDKL4	0.6363636363636364	0.6363636363636364	22.799999237060547	22.799999237060547	22.799999237060547	0.0	0.0
CEBPZ	0.36585365853658536	0.36585365853658536	0.10499999672174454	0.10499999672174454	0.10499999672174454	0.0	0.0
CERKL	0.7810390232320855	0.8382352941176471	7.772000312805176	10.520000457763672	15.544000625610352	0.0	0.0
CFAP221	0.9424761180767813	0.8552631578947368	5.268750158487819	18.940000534057617	21.075000633951277	0.0	0.0
CFAP36	1.0	1.0	10.729999542236328	10.729999542236328	10.729999542236328	0.0	0.0
CFAP65	0.562526986262512	0.5180849001744524	6.203333255524437	17.739999771118164	18.60999976657331	0.0	0.0
CFLAR	0.44680851063829785	0.44680851063829785	0.15700000524520874	0.15700000524520874	0.15700000524520874	0.0	0.0
CGREF1	0.41023065239419365	0.4028511652800078	7.558333237965901	9.9399995803833	22.674999713897705	0.0	0.0
CHPF	1.0	1.0	6.130999912818273	12.739999771118164	18.39299973845482	0.0	0.0
CHRND	0.3548387096774194	0.3548387096774194	0.4580000042915344	0.4580000042915344	0.4580000042915344	0.0	0.0
CHRNG	0.45652173913043476	0.45652173913043476	0.061000000685453415	0.061000000685453415	0.061000000685453415	0.0	0.0
CHST10	1.0	1.0	7.815999984741211	7.815999984741211	7.815999984741211	0.0	0.0
CIB4	0.4074074074074074	0.4074074074074074	17.829999923706055	17.829999923706055	17.829999923706055	0.0	0.0
CKAP2L	0.37511708505848373	0.6875	2.668999946617987	5.336999893188477	5.337999893235974	0.0	0.0
CLASP1	0.5333333333333333	0.5333333333333333	9.604000091552734	9.604000091552734	9.604000091552734	0.0	0.0
CLHC1	1.0	1.0	6.882999777793884	10.649999618530273	13.765999555587769	0.0	0.0
CLIP4	0.3783783783783784	0.3783783783783784	7.468999862670898	7.468999862670898	7.468999862670898	0.0	0.0
CMPK2	1.0	1.0	7.388000011444092	7.388000011444092	7.388000011444092	0.0	0.0
CNOT11	0.5	0.5	1.9800000190734863	1.9800000190734863	1.9800000190734863	0.0	0.0
CNPPD1	1.0	1.0	7.110249912366271	13.699999809265137	28.440999649465084	0.0	0.0
CNRIP1	0.39362253635687494	0.47916666666666663	8.67900025844574	13.770000457763672	17.35800051689148	0.0	0.0
CNTNAP5	1.0	1.0	1.2059999704360962	1.2059999704360962	1.2059999704360962	0.0	0.0
COBLL1	0.26666666666666666	0.26666666666666666	10.890000343322754	10.890000343322754	10.890000343322754	0.0	0.0
COL3A1	0.8012106433958928	0.6750408496732027	8.059333324432373	14.25	24.17799997329712	0.0	0.0
COL4A3	0.7532795921080754	0.6546176046176047	5.8991667566200094	17.850000381469727	35.39500053972006	0.0	0.0
COL4A4	0.5166288336973064	0.5134498760343842	9.049222126603127	21.799999237060547	81.44299913942814	0.0	0.0
COL5A2	1.0	1.0	3.282000025113424	6.874000072479248	9.846000075340271	0.0	0.0
COL6A3	0.5139002729588216	0.5114984881031441	4.852777834153837	16.200000762939453	43.67500050738454	0.0	0.0
CPO	0.9882642088552482	0.8520408163265306	7.211499929428101	14.59000015258789	28.845999717712402	0.0	0.0
CPS1	1.0	1.0	6.939666748046875	8.704999923706055	20.819000244140625	0.0	0.0
CRIM1	1.0	1.0	0.07900000363588333	0.07900000363588333	0.07900000363588333	0.0	0.0
CROCC2	0.8469967766606677	0.9053030303030303	2.6855001081712544	6.056000232696533	16.113000649027526	0.0	0.0
CRYBA2	0.5294117647058824	0.5294117647058824	12.40999984741211	12.40999984741211	12.40999984741211	0.0	0.0
CRYGB	0.48586220725678986	0.4908246225319396	7.980499774217606	15.729999542236328	15.960999548435211	0.0	0.0
CRYGD	1.0	1.0	7.7729997634887695	7.7729997634887695	7.7729997634887695	0.0	0.0
CSRNP3	1.0	1.0	6.169000148773193	6.169000148773193	6.169000148773193	0.0	0.0
CTDSP1	1.0	1.0	2.9030001163482666	2.9030001163482666	2.9030001163482666	0.0	0.0
CTLA4	1.0	1.0	0.46299999952316284	0.46299999952316284	0.46299999952316284	0.0	0.0
CWC22	0.3335092535242584	0.409013209013209	5.574000080426534	11.380000114440918	16.722000241279602	0.0	0.0
CXCR2	0.4727272727272727	0.4727272727272727	10.430000305175781	10.430000305175781	10.430000305175781	0.0	0.0
CYBRD1	0.5616438356164384	0.5616438356164384	0.12999999523162842	0.12999999523162842	0.12999999523162842	0.0	0.0
CYP1B1	1.0	1.0	12.180500388145447	23.700000762939453	24.361000776290894	0.0	0.0
CYP20A1	1.0	1.0	0.24300000071525574	0.24300000071525574	0.24300000071525574	0.0	0.0
CYP26B1	0.5522388059701493	0.5522388059701493	14.680000305175781	14.680000305175781	14.680000305175781	0.0	0.0
CYS1	0.6666666666666666	0.6666666666666666	10.65999984741211	10.65999984741211	10.65999984741211	0.0	0.0
D2HGDH	1.0	1.0	0.2070000022649765	0.2070000022649765	0.2070000022649765	0.0	0.0
DAPL1	0.5512692183190832	0.5486111111111112	3.121999979019165	4.316999912261963	6.24399995803833	0.0	0.0
DAW1	0.5208333333333334	0.5208333333333334	22.100000381469727	22.100000381469727	22.100000381469727	0.0	0.0
DBI	0.5841584158415841	0.5841584158415841	8.73900032043457	8.73900032043457	8.73900032043457	0.0	0.0
DCAF17	0.4538239538239538	0.4426406926406926	8.369999885559082	11.15999984741211	16.739999771118164	0.0	0.0
DCDC2C	1.0	1.0	0.5640000104904175	0.5640000104904175	0.5640000104904175	0.0	0.0
DDX1	0.90387472586744	0.6818181818181819	4.008500099182129	6.806000232696533	8.017000198364258	0.0	0.0
DDX18	0.6595750807258705	0.7708333333333333	13.026000261306763	19.350000381469727	26.052000522613525	0.0	0.0
DES	0.764825183954047	0.708695652173913	10.37599987089634	14.630000114440918	51.8799993544817	0.0	0.0
DHX57	0.5634682465243566	0.5378244943462335	5.162333349386851	7.872000217437744	15.487000048160553	0.0	0.0
DIS3L2	0.5114503816793893	0.5114503816793893	2.0320000648498535	2.0320000648498535	2.0320000648498535	0.0	0.0
DLX2	0.38596491228070173	0.38596491228070173	4.0269999504089355	4.0269999504089355	4.0269999504089355	0.0	0.0
DNAH6	0.8388770502470585	0.8785228377065112	3.940142927624817	10.170000076293945	27.581000493373722	0.0	0.0
DNAH7	0.8742695100351368	0.9210526315789475	13.876800072193145	24.5	69.38400036096573	0.0	0.0
DNAJB3	0.507505419966631	0.5034301856335754	6.438499927520752	7.72599983215332	12.876999855041504	0.0	0.0
DNAJC10	0.8137372810359091	0.8800000000000001	12.3052001953125	23.700000762939453	61.5260009765625	0.0	0.0
DNAJC27	1.0	1.0	1.2549999952316284	1.2549999952316284	1.2549999952316284	0.0	0.0
DNMT3A	0.4997422241480334	0.4969211822660099	10.071000099182129	13.289999961853027	20.142000198364258	0.0	0.0
DNPEP	0.6	0.6	22.5	22.5	22.5	0.0	0.0
DOCK10	0.47375116167389664	0.48638888888888887	10.551200103759765	17.84000015258789	52.75600051879883	0.0	0.0
DPP10	0.6610952305501447	0.6542443064182194	12.554667194684347	20.200000762939453	37.66400158405304	0.0	0.0
DPP4	1.0	1.0	16.780000686645508	16.780000686645508	16.780000686645508	0.0	0.0
DPYSL5	0.5	0.5	13.020000457763672	13.020000457763672	13.020000457763672	0.0	0.0
DQX1	0.423728813559322	0.423728813559322	6.714000225067139	6.714000225067139	6.714000225067139	0.0	0.0
DRC1	0.6995348857465362	0.824858757062147	13.465000050763289	23.100000381469727	40.39500015228987	0.0	0.0
DTNB	0.5	0.5	2.072000026702881	2.072000026702881	2.072000026702881	0.0	0.0
DTYMK	0.43243243243243246	0.43243243243243246	1.0499999523162842	1.0499999523162842	1.0499999523162842	0.0	0.0
DUSP11	0.5287356321839081	0.5287356321839081	10.539999961853027	10.539999961853027	10.539999961853027	0.0	0.0
DYSF	0.46245479275611134	0.4452607689053472	4.8505000323057175	6.798999786376953	19.40200012922287	0.0	0.0
DYTN	0.4578313253012048	0.4578313253012048	0.6299999952316284	0.6299999952316284	0.6299999952316284	0.0	0.0
ECEL1	1.0	1.0	16.93000030517578	16.93000030517578	16.93000030517578	0.0	0.0
ECRG4	0.414810023301687	0.4341748480598411	4.20400008559227	7.6570000648498535	12.61200025677681	0.0	0.0
EDAR	1.0	1.0	3.3784999400377274	6.415999889373779	6.756999880075455	0.0	0.0
EFHD1	0.4603174603174603	0.4603174603174603	6.432000160217285	6.432000160217285	6.432000160217285	0.0	0.0
EHBP1	0.4996535249935683	0.49722222222222223	23.25	25.100000381469727	46.5	1.0	0.0
EIF2AK3	1.0	1.0	14.472333590189615	18.540000915527344	43.41700077056885	0.0	0.0
EIF5B	1.0	1.0	7.369333465894063	15.180000305175781	22.10800039768219	0.0	0.0
EML4	1.0	1.0	17.81333351135254	18.190000534057617	53.44000053405762	0.0	0.0
EML6	1.0	1.0	7.02649998664856	7.604000091552734	14.05299997329712	0.0	0.0
EPB41L5	1.0	1.0	6.388000011444092	6.388000011444092	6.388000011444092	0.0	0.0
EPCAM	0.5	0.5	13.510000228881836	13.510000228881836	13.510000228881836	0.0	0.0
EPHA4	0.28	0.28	3.121000051498413	3.121000051498413	3.121000051498413	0.0	0.0
ERICH2	1.0	1.0	1.531000018119812	1.531000018119812	1.531000018119812	0.0	0.0
ESPNL	0.49520844070593883	0.4820548645520837	0.717333339775602	2.239000082015991	6.456000057980418	0.0	0.0
ETAA1	0.5934773440413389	0.7246376811594203	4.134749889373779	11.729999542236328	16.538999557495117	0.0	0.0
FAM110C	1.0	1.0	0.4790000021457672	0.4790000021457672	0.4790000021457672	0.0	0.0
FAM161A	1.0	1.0	6.121999899546306	9.694999694824219	18.365999698638916	0.0	0.0
FAM166C	0.46613440228960956	0.4621693121693121	0.7524999976158142	0.9070000052452087	1.5049999952316284	0.0	0.0
FAM171B	1.0	1.0	1.7640000581741333	1.7640000581741333	1.7640000581741333	0.0	0.0
FAM178B	0.2962962962962963	0.2962962962962963	8.718999862670898	8.718999862670898	8.718999862670898	0.0	0.0
FAM228A	0.43137254901960786	0.43137254901960786	0.3059999942779541	0.3059999942779541	0.3059999942779541	0.0	0.0
FAM228B	0.9627922006816517	0.8685446009389671	3.603666623433431	5.796000003814697	10.810999870300293	0.0	0.0
FAM240C	0.4342105263157895	0.4342105263157895	1.6979999542236328	1.6979999542236328	1.6979999542236328	0.0	0.0
FANCL	1.0	1.0	3.246999979019165	3.246999979019165	3.246999979019165	0.0	0.0
FAP	0.4	0.4	6.822000026702881	6.822000026702881	6.822000026702881	0.0	0.0
FARP2	0.3611111111111111	0.3611111111111111	3.0239999294281006	3.0239999294281006	3.0239999294281006	0.0	0.0
FARSB	0.5135135135135135	0.5135135135135135	11.729999542236328	11.729999542236328	11.729999542236328	0.0	0.0
FASTKD1	0.5890127037727398	0.7999999999999999	2.9913332564756274	6.146999835968018	8.973999769426882	0.0	0.0
FASTKD2	0.5769230769230769	0.5769230769230769	7.517000198364258	7.517000198364258	7.517000198364258	0.0	0.0
FBXO36	0.5555555555555556	0.5555555555555556	18.1299991607666	18.1299991607666	18.1299991607666	0.0	0.0
FBXO41	0.6699956566139009	0.7619047619047619	0.9870000183582306	1.3680000305175781	1.9740000367164612	0.0	0.0
FER1L5	0.5588235294117647	0.5588235294117647	0.2150000035762787	0.2150000035762787	0.2150000035762787	0.0	0.0
FEZ2	0.7431080491685363	0.69375	13.849499955773354	22.100000381469727	55.397999823093414	0.0	0.0
FHL2	0.44	0.44	0.210999995470047	0.210999995470047	0.210999995470047	0.0	0.0
FKBP1B	0.5384615384615384	0.5384615384615384	20.399999618530273	20.399999618530273	20.399999618530273	0.0	0.0
FLACC1	0.5641025641025641	0.5641025641025641	0.17599999904632568	0.17599999904632568	0.17599999904632568	0.0	0.0
FMNL2	0.6607565964154389	0.7368421052631579	9.696500062942505	12.5	19.39300012588501	0.0	0.0
FN1	1.0	1.0	14.388000018894672	20.899999618530273	57.55200007557869	0.0	0.0
FRZB	0.4594594594594595	0.4594594594594595	28.0	28.0	28.0	0.0	0.0
FSIP2	0.6006309193095746	0.5374824203164433	4.354107203086771	16.530000686645508	121.9150016864296	0.0	0.0
FZD5	1.0	1.0	6.690000057220459	6.690000057220459	6.690000057220459	0.0	0.0
G6PC2	0.56	0.56	13.520000457763672	13.520000457763672	13.520000457763672	0.0	0.0
GALNT14	0.5485795094133783	0.5515734265734266	15.175000190734863	22.600000381469727	30.350000381469727	0.0	0.0
GALNT5	0.539090481534918	0.7666666666666666	13.820499613881111	27.299999237060547	27.640999227762222	0.0	0.0
GAREM2	1.0	1.0	10.3580002784729	13.5600004196167	20.7160005569458	0.0	0.0
GCC2	0.9129080847543668	0.6764705882352942	7.678499937057495	13.289999961853027	15.35699987411499	0.0	0.0
GCFC2	0.5427717108603756	0.75	3.8459999561309814	7.033999919891357	7.691999912261963	0.0	0.0
GCG	0.5714285714285714	0.5714285714285714	7.156000137329102	7.156000137329102	7.156000137329102	0.0	0.0
GCKR	1.0	1.0	10.989999771118164	10.989999771118164	10.989999771118164	0.0	0.0
GDF7	1.0	1.0	6.797999858856201	6.797999858856201	6.797999858856201	0.0	0.0
GEN1	0.758375253013531	0.8800000000000001	7.474400057992898	15.050000190734863	37.37200028996449	0.0	0.0
GGCX	0.536763081538565	0.5403907203907203	10.048333168029785	11.029999732971191	30.144999504089355	0.0	0.0
GIGYF2	0.37209302325581395	0.37209302325581395	5.861999988555908	5.861999988555908	5.861999988555908	0.0	0.0
GLI2	0.47709178231873317	0.4920828703919312	1.022249971050769	2.938999891281128	4.088999884203076	0.0	0.0
GNLY	0.5675675675675675	0.5675675675675675	5.409999847412109	5.409999847412109	5.409999847412109	0.0	0.0
GORASP2	0.5398234310591002	0.7592592592592593	10.10199972987175	19.309999465942383	20.2039994597435	0.0	0.0
GPC1	1.0	1.0	6.545000076293945	6.545000076293945	6.545000076293945	0.0	0.0
GPD2	0.4897959183673469	0.4897959183673469	13.899999618530273	13.899999618530273	13.899999618530273	0.0	0.0
GPR1	0.5314417975538999	0.5054858934169278	10.573500275611877	17.440000534057617	21.147000551223755	0.0	0.0
GPR148	1.0	1.0	6.36899995803833	6.36899995803833	6.36899995803833	0.0	0.0
GPR35	0.5138891358657544	0.6744186046511628	4.4994999170303345	6.7179999351501465	8.998999834060669	0.0	0.0
GRB14	0.6767576064010241	0.6944444444444444	17.53499984741211	18.549999237060547	35.06999969482422	0.0	0.0
GREB1	0.7702914398534224	0.8461538461538461	3.5717500736936927	8.788000106811523	14.28700029477477	0.0	0.0
GTDC1	0.5483870967741935	0.5483870967741935	8.026000022888184	8.026000022888184	8.026000022888184	0.0	0.0
GTF2A1L	0.6492771588381966	0.7613636363636364	6.0304999351501465	8.86299991607666	12.060999870300293	0.0	0.0
GTF3C2	1.0	1.0	7.945000171661377	7.945000171661377	7.945000171661377	0.0	0.0
GTF3C3	0.3333333333333333	0.3333333333333333	1.6929999589920044	1.6929999589920044	1.6929999589920044	0.0	0.0
GYPC	0.7	0.7	0.01899999938905239	0.01899999938905239	0.01899999938905239	0.0	0.0
HAAO	0.3333333333333333	0.3333333333333333	7.603000164031982	7.603000164031982	7.603000164031982	0.0	0.0
HAT1	1.0	1.0	8.539999961853027	8.539999961853027	8.539999961853027	0.0	0.0
HDAC4	1.0	1.0	6.068999767303467	6.068999767303467	6.068999767303467	0.0	0.0
HDLBP	0.4659907319546769	0.5024570024570024	0.03949999948963523	0.0729999989271164	0.07899999897927046	0.0	0.0
HEATR5B	0.5165451996101225	0.7063492063492063	5.720500111579895	9.418000221252441	11.44100022315979	0.0	0.0
HECW2	0.41537467142676393	0.6661564625850339	5.090666735855241	13.220000267028809	15.272000207565725	0.0	0.0
HIBCH	1.0	1.0	15.695000171661377	15.84000015258789	31.390000343322754	0.0	0.0
HJURP	1.0	1.0	3.4409999310349426	9.140999794006348	10.322999793104827	0.0	0.0
HK2	0.7660533107630373	0.7137301587301588	3.720599967241287	8.960000038146973	18.602999836206436	0.0	0.0
HOXD1	0.5405405405405406	0.5405405405405406	14.930000305175781	14.930000305175781	14.930000305175781	0.0	0.0
HOXD13	1.0	1.0	0.8679999709129333	0.8679999709129333	0.8679999709129333	0.0	0.0
HOXD3	0.5465216230911247	0.5573623559539052	9.195000171661377	11.260000228881836	18.390000343322754	0.0	0.0
HOXD4	0.5128205128205128	0.5128205128205128	21.899999618530273	21.899999618530273	21.899999618530273	0.0	0.0
HS1BP3	1.0	1.0	0.03200000058859587	0.03700000047683716	0.06400000117719173	0.0	0.0
HS6ST1	0.2564102564102564	0.2564102564102564	11.40999984741211	11.40999984741211	11.40999984741211	0.0	0.0
HSPD1	0.41935483870967744	0.41935483870967744	8.781000137329102	8.781000137329102	8.781000137329102	0.0	0.0
HTRA2	0.40229885057471265	0.40229885057471265	8.491999626159668	8.491999626159668	8.491999626159668	0.0	0.0
IFIH1	0.3782086112942366	0.40987654320987654	10.917666653792063	17.81999969482422	32.75299996137619	0.0	0.0
IFT172	0.2964216635885849	0.6363636363636364	3.7600000500679016	7.275000095367432	7.520000100135803	0.0	0.0
IGFBP5	1.0	1.0	6.03000020980835	6.03000020980835	6.03000020980835	0.0	0.0
IHH	0.5339484606711908	0.5089961153138418	3.0475001335144043	4.806000232696533	6.095000267028809	0.0	0.0
IL1F10	0.45679493982178604	0.4575581395348837	16.885000228881836	18.59000015258789	33.77000045776367	0.0	0.0
IL1R1	0.48	0.48	2.0869998931884766	2.0869998931884766	2.0869998931884766	0.0	0.0
IL1RL1	1.0	1.0	5.543142881976174	14.489999771118164	38.80200017383322	0.0	0.0
IL36A	0.43333333333333335	0.43333333333333335	0.006000000052154064	0.006000000052154064	0.006000000052154064	0.0	0.0
IL37	0.4523852168215265	0.4354752792640992	7.695285827187555	14.920000076293945	53.867000790312886	0.0	0.0
IMMT	0.3765437112008445	0.4591049382716049	12.312999807298183	24.399999618530273	24.625999614596367	0.0	0.0
IMP4	0.5833333333333334	0.5833333333333334	24.0	24.0	24.0	0.0	0.0
INHA	0.4533333333333333	0.4533333333333333	6.0229997634887695	6.0229997634887695	6.0229997634887695	0.0	0.0
INO80D	0.4864864864864865	0.4864864864864865	3.746999979019165	3.746999979019165	3.746999979019165	0.0	0.0
INPP1	1.0	1.0	6.431000232696533	6.431000232696533	6.431000232696533	0.0	0.0
INPP5D	0.9854513067003317	0.75	3.367999978363514	6.539999961853027	6.735999956727028	0.0	0.0
IQCA1	1.0	1.0	6.710000038146973	6.710000038146973	6.710000038146973	0.0	0.0
ITGA4	0.6437759185521865	0.6129844961240309	2.3867499819025397	7.566999912261963	9.546999927610159	0.0	0.0
ITGAV	1.0	1.0	15.989999771118164	15.989999771118164	15.989999771118164	0.0	0.0
ITGB6	1.0	1.0	3.603999972343445	4.85699987411499	7.20799994468689	0.0	0.0
ITM2C	1.0	1.0	7.1139999230702715	12.529999732971191	21.341999769210815	0.0	0.0
ITSN2	0.5278547418619459	0.5360879843766061	14.245333433151245	25.0	42.736000299453735	0.0	0.0
KCNE4	1.0	1.0	4.776999846100807	8.852999687194824	14.330999538302422	0.0	0.0
KCNF1	0.9113786950340955	0.7439024390243902	5.834499835968018	9.649999618530273	11.668999671936035	0.0	0.0
KCNJ13	0.47619047619047616	0.47619047619047616	11.289999961853027	11.289999961853027	11.289999961853027	0.0	0.0
KCNJ3	0.47058823529411764	0.47058823529411764	6.081999778747559	6.081999778747559	6.081999778747559	0.0	0.0
KCNK12	1.0	1.0	6.611000061035156	6.611000061035156	6.611000061035156	0.0	0.0
KCNS3	0.6170449207365745	0.7611940298507462	11.698500156402588	18.760000228881836	23.397000312805176	0.0	0.0
KCTD18	0.5277777777777778	0.5277777777777778	5.979000091552734	5.979000091552734	5.979000091552734	0.0	0.0
KDM3A	0.5757819898948945	0.5454545454545454	12.40999984741211	16.549999237060547	24.81999969482422	0.0	0.0
KHK	0.59375	0.59375	20.799999237060547	20.799999237060547	20.799999237060547	0.0	0.0
KIAA1841	0.5882352941176471	0.5882352941176471	7.429999828338623	7.429999828338623	7.429999828338623	0.0	0.0
KIAA2012	0.6902164864286775	0.8148148148148149	5.785999933878581	9.678999900817871	17.357999801635742	0.0	0.0
KIF3C	0.6166480966767083	0.7674418604651163	4.821000039577484	7.947000026702881	9.642000079154968	0.0	0.0
KLF11	0.30434782608695654	0.30434782608695654	0.5899999737739563	0.5899999737739563	0.5899999737739563	0.0	0.0
KLF7	0.6925828993091896	0.7879448075526507	5.2784998416900635	7.798999786376953	10.556999683380127	0.0	0.0
KLHL23	0.6478746062111974	0.7469879518072289	3.54449999332428	4.933000087738037	7.08899998664856	0.0	0.0
KLHL29	0.5614865843672024	0.560456477250721	7.742000102996826	9.46500015258789	30.968000411987305	0.0	0.0
KLHL30	0.5541241894241917	0.5462000962000962	2.050333340962728	2.927000045776367	6.151000022888184	0.0	0.0
LAPTM4A	0.35	0.35	6.627999782562256	6.627999782562256	6.627999782562256	0.0	0.0
LBX2	0.5304622033230014	0.7291666666666666	9.090500116348267	15.760000228881836	18.181000232696533	0.0	0.0
LCT	0.8944316073311434	0.6348711119667992	3.9135714301041196	14.079999923706055	27.395000010728836	0.0	0.0
LHCGR	0.6314221262939196	0.5833333333333333	7.831000208854675	12.350000381469727	15.66200041770935	0.0	0.0
LIMS1	0.20689655172413793	0.20689655172413793	2.6500000953674316	2.6500000953674316	2.6500000953674316	0.0	0.0
LIMS2	1.0	1.0	10.850000381469727	10.850000381469727	10.850000381469727	0.0	0.0
LONRF2	0.9999999990926949	1.0	9.209142684936523	15.149999618530273	64.46399879455566	0.0	0.0
LOXL3	0.47368421052631576	0.47368421052631576	25.600000381469727	25.600000381469727	25.600000381469727	0.0	0.0
LPIN1	0.3225806451612903	0.3225806451612903	3.493000030517578	3.493000030517578	3.493000030517578	0.0	0.0
LRP1B	0.6060272216624769	0.6549026561123334	6.53150005787611	20.700000762939453	65.3150005787611	0.0	0.0
LRP2	0.6485515482847015	0.6330149589010349	8.65877780276868	22.399999618530273	77.92900022491813	0.0	0.0
LRPPRC	0.48	0.48	0.010999999940395355	0.010999999940395355	0.010999999940395355	0.0	0.0
LRRFIP1	0.49343341074437586	0.4594570626119873	3.6872856973537376	11.59000015258789	25.810999881476164	0.0	0.0
LRRTM1	0.4857270938330285	0.492718045112782	9.219666759173075	13.970000267028809	27.659000277519226	0.0	0.0
LTBP1	0.8190371742226832	0.6905005967505966	7.871500112116337	18.520000457763672	47.22900067269802	0.0	0.0
LY75	0.8673113362659483	0.8977272727272727	13.126250326633453	20.200000762939453	52.50500130653381	0.0	0.0
MAB21L4	0.9994253695910442	0.8970899470899469	4.104777804006719	15.039999961853027	36.94300023606047	0.0	0.0
MAP3K19	0.431112645248378	0.4114497296806142	3.639799952507019	13.529999732971191	18.198999762535095	0.0	0.0
MAP3K20	0.5	0.5	10.649999618530273	10.649999618530273	10.649999618530273	0.0	0.0
MAP4K3	1.0	1.0	8.407999753952026	9.307999610900879	16.815999507904053	0.0	0.0
MAPRE3	1.0	1.0	0.39100000262260437	0.39100000262260437	0.39100000262260437	0.0	0.0
MARCHF4	0.5066666666666667	0.5066666666666667	0.2529999911785126	0.2529999911785126	0.2529999911785126	0.0	0.0
MARCHF7	1.0	1.0	12.04200005531311	17.829999923706055	24.08400011062622	0.0	0.0
MAT2A	1.0	1.0	10.550000190734863	10.550000190734863	10.550000190734863	0.0	0.0
MATN3	0.9334031912025785	0.8627450980392157	3.3119999368985495	7.97599983215332	9.935999810695648	0.0	0.0
MDH1B	0.5094339622641509	0.5094339622641509	1.2380000352859497	1.2380000352859497	1.2380000352859497	0.0	0.0
MERTK	1.0	1.0	1.835799998231232	8.717000007629395	9.17899999115616	0.0	0.0
METTL21A	0.9059541452904413	0.7999999999999999	7.6473332444826765	18.989999771118164	22.94199973344803	0.0	0.0
METTL8	0.45618594570320603	0.42567567567567566	5.5894999504089355	7.883999824523926	11.178999900817871	0.0	0.0
MFF	0.5789473684210527	0.5789473684210527	0.25200000405311584	0.25200000405311584	0.25200000405311584	0.0	0.0
MFSD9	0.4948453608247423	0.4948453608247423	0.29899999499320984	0.29899999499320984	0.29899999499320984	0.0	0.0
MLPH	0.9565858590320824	0.842966903073286	0.34550000292559463	1.0570000410079956	2.073000017553568	0.0	0.0
MMADHC	1.0	1.0	1.7580000162124634	1.7580000162124634	1.7580000162124634	0.0	0.0
MOGAT1	0.5	0.5	17.5	17.5	17.5	0.0	0.0
MOGS	0.5117947877311348	0.5020167098818784	14.82800030708313	24.600000381469727	29.65600061416626	0.0	0.0
MORN2	0.3888888888888889	0.3888888888888889	23.799999237060547	23.799999237060547	23.799999237060547	0.0	0.0
MPHOSPH10	1.0	1.0	12.572750352788717	28.100000381469727	50.291001411154866	0.0	0.0
MPP4	1.0	1.0	14.399999618530273	14.399999618530273	14.399999618530273	0.0	0.0
MREG	1.0	1.0	13.180000305175781	13.180000305175781	13.180000305175781	0.0	0.0
MROH2A	0.6726024358830421	0.6149195357080754	9.123571246729366	25.799999237060547	127.72999745421112	0.0	1.0
MRPL19	0.42917281331439416	0.4915384615384616	0.14600000716745853	0.27900001406669617	0.29200001433491707	0.0	0.0
MRPL30	1.0	1.0	0.06599999964237213	0.06599999964237213	0.06599999964237213	0.0	0.0
MRPL35	0.5098039215686274	0.5098039215686274	17.56999969482422	17.56999969482422	17.56999969482422	0.0	0.0
MRPL53	0.37735849056603776	0.37735849056603776	7.934000015258789	7.934000015258789	7.934000015258789	0.0	0.0
MRPS5	0.5	0.5	2.802999973297119	2.802999973297119	2.802999973297119	0.0	0.0
MRPS9	1.0	1.0	3.4549999237060547	3.4549999237060547	3.4549999237060547	0.0	0.0
MSGN1	1.0	1.0	5.543000082174937	8.869000434875488	16.62900024652481	0.0	0.0
MSH6	0.5605403913152005	0.5652337583485125	7.6256669362386065	9.468000411987305	22.87700080871582	0.0	0.0
MTERF4	0.46511627906976744	0.46511627906976744	21.700000762939453	21.700000762939453	21.700000762939453	0.0	0.0
MTIF2	0.9214944827757702	0.8024691358024691	2.468333256741365	6.318999767303467	7.404999770224094	0.0	0.0
MXD1	0.3103448275862069	0.3103448275862069	6.36299991607666	6.36299991607666	6.36299991607666	0.0	0.0
MYO1B	0.7784337734347677	0.7291666666666667	8.600250005722046	10.140000343322754	34.401000022888184	0.0	0.0
MYO3B	0.6147712696129591	0.6924178177133259	7.00377782413529	17.0	63.03400041721761	0.0	0.0
MYO7B	1.0	1.0	0.8379999995231628	0.8379999995231628	0.8379999995231628	0.0	0.0
MYT1L	0.4880137488169143	0.7345802063789868	2.4844999723136425	5.2829999923706055	9.93799988925457	0.0	0.0
MZT2A	0.519817850643043	0.5183760683760683	15.250000238418579	22.600000381469727	30.500000476837158	0.0	0.0
NAGK	0.4426229508196721	0.4426229508196721	8.72599983215332	8.72599983215332	8.72599983215332	0.0	0.0
NAT8	0.46745562130177515	0.46745562130177515	0.13300000131130219	0.13300000131130219	0.13300000131130219	0.0	0.0
NAT8B	0.4749021048274476	0.4691931216931217	4.8169998824596405	13.359999656677246	14.450999647378922	0.0	0.0
NBAS	0.4961140567441878	0.48274385127002634	4.8888000814244155	15.970000267028809	24.444000407122076	0.0	0.0
NBEAL1	0.8577381173906125	0.7777777777777778	9.413000106811523	12.800000190734863	18.826000213623047	0.0	0.0
NCAPH	0.42857142857142855	0.42857142857142855	26.799999237060547	26.799999237060547	26.799999237060547	0.0	0.0
NCKAP1	0.6241762585958307	0.7592592592592593	4.757500052452087	7.427000045776367	9.515000104904175	0.0	0.0
NCKAP5	1.0	1.0	3.8651250526309013	17.18000030517578	30.92100042104721	0.0	0.0
NCL	0.4657534246575342	0.4657534246575342	0.03099999949336052	0.03099999949336052	0.03099999949336052	0.0	0.0
NCOA1	1.0	1.0	7.259999752044678	8.696999549865723	14.519999504089355	0.0	0.0
NDUFA10	0.4935734027513049	0.44666666666666666	2.1104999780654907	2.9839999675750732	4.2209999561309814	0.0	0.0
NDUFS1	0.39062757160211725	0.40104166666666663	10.123000144958496	11.680000305175781	20.246000289916992	0.0	0.0
NEB	0.7514731230051945	0.7004244204279589	14.582928569987416	25.5	204.16099997982383	0.0	0.0
NEMP2	1.0	1.0	1.9049999713897705	1.9049999713897705	1.9049999713897705	0.0	0.0
NEU2	0.4105263157894737	0.4105263157894737	0.0820000022649765	0.0820000022649765	0.0820000022649765	0.0	0.0
NEU4	0.5037607185437195	0.5981896075179657	0.7245000097900629	1.5670000314712524	2.8980000391602516	0.0	0.0
NEURL3	0.4492753623188406	0.4492753623188406	7.206999778747559	7.206999778747559	7.206999778747559	0.0	0.0
NEUROD1	0.4166666666666667	0.4166666666666667	11.109999656677246	11.109999656677246	11.109999656677246	0.0	0.0
NFU1	0.3333333333333333	0.3333333333333333	7.538000106811523	7.538000106811523	7.538000106811523	0.0	0.0
NGEF	0.422343728506269	0.5871212121212122	1.25425002805423	3.3340001106262207	5.01700011221692	0.0	0.0
NMI	0.6923076923076923	0.6923076923076923	10.180000305175781	10.180000305175781	10.180000305175781	0.0	0.0
NMS	0.5666666666666667	0.5666666666666667	0.12200000137090683	0.12200000137090683	0.12200000137090683	0.0	0.0
NOL10	0.45714285714285713	0.45714285714285713	17.360000610351562	17.360000610351562	17.360000610351562	0.0	0.0
NOP58	0.45276147496518515	0.4622222222222222	7.0879998207092285	10.859999656677246	14.175999641418457	0.0	0.0
NOSTRIN	0.8799463593358746	0.7241379310344828	10.979000091552734	17.18000030517578	21.95800018310547	0.0	0.0
NOTO	0.5	0.5	1.6710000038146973	1.6710000038146973	1.6710000038146973	0.0	0.0
NPAS2	0.5434463489453165	0.4766891891891892	0.41749998927116394	0.7009999752044678	0.8349999785423279	0.0	0.0
NPHP1	0.4594594594594595	0.4594594594594595	0.3100000023841858	0.3100000023841858	0.3100000023841858	0.0	0.0
NRP2	0.8630251768027908	0.8392857142857143	6.031999826431274	9.293999671936035	18.095999479293823	0.0	0.0
NRXN1	0.5851063829787234	0.5851063829787234	15.670000076293945	15.670000076293945	15.670000076293945	0.0	0.0
NTSR2	1.0	1.0	7.1519999504089355	7.1519999504089355	7.1519999504089355	0.0	0.0
NXPH2	0.5316455696202531	0.5316455696202531	1.8459999561309814	1.8459999561309814	1.8459999561309814	0.0	0.0
NYAP2	1.0	1.0	7.866999771213159	15.729999542236328	15.733999542426318	0.0	0.0
OBSL1	0.7224302778982211	0.7259330484330485	6.13412494584918	18.06999969482422	49.07299956679344	0.0	0.0
OR6B2	0.47605294876349824	0.47685703620754016	25.299999237060547	25.799999237060547	50.599998474121094	0.0	0.0
OR6B3	0.4163141058059131	0.4150862068965517	18.333332697550457	21.799999237060547	54.99999809265137	0.0	0.0
ORC4	0.5714285714285714	0.5714285714285714	6.573999881744385	6.573999881744385	6.573999881744385	0.0	0.0
OSBPL6	1.0	1.0	9.83899974822998	9.83899974822998	9.83899974822998	0.0	0.0
OSGEPL1	1.0	1.0	0.03999999910593033	0.03999999910593033	0.03999999910593033	0.0	0.0
OTOF	0.5092527102926656	0.43520025126755507	4.055799854546786	17.6299991607666	20.278999272733927	0.0	0.0
OXER1	0.4803921568627451	0.4803921568627451	0.5509999990463257	0.5509999990463257	0.5509999990463257	0.0	0.0
PAIP2B	1.0	1.0	5.002999782562256	5.002999782562256	5.002999782562256	0.0	0.0
PARD3B	0.9493919695387213	0.8041025641025641	5.152400112152099	15.850000381469727	25.762000560760498	0.0	0.0
PASK	0.4532187245704339	0.49545173085001837	4.175833233942588	14.6899995803833	25.05499940365553	0.0	0.0
PAX3	1.0	1.0	2.3940000534057617	2.3940000534057617	2.3940000534057617	0.0	0.0
PCARE	0.45600781852291644	0.46351909956901455	4.507428587946508	14.25	31.55200011562556	0.0	0.0
PCBP1	0.4639175257731959	0.4639175257731959	1.7239999771118164	1.7239999771118164	1.7239999771118164	0.0	0.0
PDCD1	0.5387215810762921	0.5608974358974359	7.76499979197979	15.4399995803833	15.52999958395958	0.0	0.0
PDCL3	0.4375	0.4375	11.630000114440918	11.630000114440918	11.630000114440918	0.0	0.0
PDE11A	0.62550326380527	0.7083333333333333	14.406000077724457	30.0	57.62400031089783	0.0	0.0
PECR	0.5502120665948104	0.65	4.715499763377011	9.420999526977539	9.430999526754022	0.0	0.0
PER2	0.5616446522998191	0.532051282051282	5.698500022292137	10.960000038146973	11.397000044584274	0.0	0.0
PFN4	0.5015907491382523	0.4945121951219512	6.615999937057495	7.460000038146973	13.23199987411499	0.0	0.0
PIGF	1.0	1.0	6.925000190734863	6.925000190734863	6.925000190734863	0.0	0.0
PIKFYVE	1.0	1.0	8.880700151249766	16.940000534057617	88.80700151249766	0.0	0.0
PJVK	0.42857142857142855	0.42857142857142855	28.399999618530273	28.399999618530273	28.399999618530273	0.0	0.0
PKDCC	0.5577778594263059	0.5604472396925226	12.825000286102295	13.890000343322754	25.65000057220459	0.0	0.0
PKP4	0.48148148148148145	0.48148148148148145	25.799999237060547	25.799999237060547	25.799999237060547	0.0	0.0
PLA2R1	1.0	1.0	5.580799986422062	14.760000228881836	27.90399993211031	0.0	0.0
PLB1	0.6129032258064516	0.6129032258064516	0.2070000022649765	0.2070000022649765	0.2070000022649765	0.0	0.0
PLCL1	0.5144139899459524	0.5189718482252141	16.59849977493286	26.899999618530273	33.19699954986572	0.0	0.0
PLEK	0.5526315789473685	0.5526315789473685	18.1200008392334	18.1200008392334	18.1200008392334	0.0	0.0
PLEKHH2	0.49250745003296253	0.4903162757640369	5.280499886721373	10.489999771118164	10.560999773442745	0.0	0.0
PLEKHM3	0.4449730079539828	0.46612466124661245	2.3789999037981033	4.699999809265137	4.757999807596207	0.0	0.0
PLGLB1	0.625	0.625	0.32499998807907104	0.32499998807907104	0.32499998807907104	0.0	0.0
PMS1	0.5769230769230769	0.5769230769230769	27.799999237060547	27.799999237060547	27.799999237060547	1.0	0.0
PNO1	0.421875	0.421875	15.640000343322754	15.640000343322754	15.640000343322754	0.0	0.0
PNPT1	0.469877858616027	0.4399624765478424	17.104999542236328	22.299999237060547	34.209999084472656	0.0	0.0
POLR1A	0.7960725041866747	0.8333333333333334	0.11033333589633305	0.13500000536441803	0.3310000076889992	0.0	0.0
POLR1B	0.5440145202211765	0.49853372434017595	5.86500009894371	11.550000190734863	11.73000019788742	0.0	0.0
POTEE	0.2722274875536692	0.32103531986391054	9.249000072479248	20.5	46.24500036239624	1.0	0.0
POTEF	0.7058175919721709	0.8157737854207828	7.15645445256748	19.049999237060547	78.72099897824228	1.0	0.0
POTEI	0.6853838714425481	0.7110248446526594	7.800928570662758	21.399999618530273	109.21299998927861	1.0	0.0
POTEJ	0.4395652884508738	0.5052605459057071	7.71999990940094	16.809999465942383	38.5999995470047	0.0	0.0
PPIG	1.0	1.0	18.6299991607666	18.6299991607666	18.6299991607666	0.0	0.0
PPP4R3B	0.4178365644852434	0.7083333333333334	5.235499904491007	10.449999809265137	10.470999808982015	0.0	0.0
PRKD3	0.47368421052631576	0.47368421052631576	7.781000137329102	7.781000137329102	7.781000137329102	0.0	0.0
PROC	1.0	1.0	3.2929999828338623	3.2929999828338623	3.2929999828338623	0.0	0.0
PROKR1	1.0	1.0	11.170000076293945	11.170000076293945	11.170000076293945	0.0	0.0
PROM2	1.0	1.0	1.315999984741211	1.315999984741211	1.315999984741211	0.0	0.0
PRSS56	1.0	1.0	12.244500160217285	15.84000015258789	24.48900032043457	0.0	0.0
PSD4	0.6888295473424108	0.621989358303227	4.678250007331371	10.510000228881836	18.713000029325485	0.0	0.0
PTCD3	0.23076923076923078	0.23076923076923078	0.3409999907016754	0.3409999907016754	0.3409999907016754	0.0	0.0
PTH2R	1.0	1.0	2.2219998836517334	2.2219998836517334	2.2219998836517334	0.0	0.0
PUS10	0.49019607843137253	0.49019607843137253	7.13100004196167	7.13100004196167	7.13100004196167	0.0	0.0
PXDN	0.9922189542662976	0.8523057748234316	3.654666632413864	6.699999809265137	10.963999897241592	0.0	0.0
R3HDM1	0.4324414189632485	0.43552631578947365	20.854999542236328	25.299999237060547	41.709999084472656	0.0	0.0
RAB11FIP5	1.0	1.0	1.415499970316887	2.740999937057495	2.830999940633774	0.0	0.0
RAB3GAP1	0.42857142857142855	0.42857142857142855	4.993000030517578	4.993000030517578	4.993000030517578	0.0	0.0
RAB6C	1.0	1.0	7.290999889373779	7.290999889373779	7.290999889373779	0.0	0.0
RAD51AP2	0.991288101169862	0.8288288288288288	2.102333349486192	3.1489999294281006	6.307000048458576	0.0	0.0
RANBP2	1.0	1.0	3.9170000553131104	3.9170000553131104	3.9170000553131104	0.0	0.0
RASGRP3	0.2608695652173913	0.2608695652173913	19.079999923706055	19.079999923706055	19.079999923706055	0.0	0.0
RBM44	0.5419287563232693	0.5508333333333333	5.666000038385391	11.170000076293945	11.332000076770782	0.0	0.0
REEP1	0.4864864864864865	0.4864864864864865	2.049999952316284	2.049999952316284	2.049999952316284	0.0	0.0
REG3G	0.5454545454545454	0.5454545454545454	0.5299999713897705	0.5299999713897705	0.5299999713897705	0.0	0.0
RETREG2	1.0	1.0	8.72599983215332	8.72599983215332	8.72599983215332	0.0	0.0
REV1	1.0	1.0	6.178000062704086	14.630000114440918	18.53400018811226	0.0	0.0
RFTN2	0.47368421052631576	0.47368421052631576	6.888999938964844	6.888999938964844	6.888999938964844	0.0	0.0
RFX8	0.7662008623349815	0.7272727272727273	11.839999675750732	13.529999732971191	23.679999351501465	0.0	0.0
RGPD1	0.3936515366392338	0.5303030303030303	9.316499829292297	15.779999732971191	18.632999658584595	0.0	0.0
RGPD3	0.7241572128360112	0.604072609232431	11.096999883651733	25.299999237060547	55.48499941825867	0.0	0.0
RGPD4	0.38364606383645383	0.42495940097492096	16.43771408711161	25.0	115.06399860978127	0.0	0.0
RGPD5	0.34904437962342816	0.28464720753849687	13.90850019454956	24.600000381469727	27.81700038909912	0.0	0.0
RIF1	0.5266073899379488	0.4386058629479682	1.6857500188052654	6.670000076293945	6.743000075221062	0.0	0.0
RMDN2	0.5384615384615384	0.5384615384615384	5.021999835968018	5.021999835968018	5.021999835968018	0.0	0.0
RNF144A	0.9795756067317528	0.7682926829268293	9.200500071048737	17.59000015258789	18.401000142097473	0.0	0.0
RNF149	0.5049944502892084	0.75	0.9010000191628933	1.784000039100647	1.8020000383257866	0.0	0.0
ROCK2	0.42857142857142855	0.42857142857142855	9.428000450134277	9.428000450134277	9.428000450134277	0.0	0.0
RPE	1.0	1.0	9.0600004196167	9.0600004196167	9.0600004196167	0.0	0.0
RRM2	0.43902439024390244	0.43902439024390244	2.88100004196167	2.88100004196167	2.88100004196167	0.0	0.0
RTP5	0.5058823529411764	0.5058823529411764	15.050000190734863	15.050000190734863	15.050000190734863	0.0	0.0
RUFY4	0.8911895097358838	0.7826086956521738	3.7860000133514404	5.677000045776367	7.572000026702881	0.0	0.0
SAG	0.26666666666666666	0.26666666666666666	1.687000036239624	1.687000036239624	1.687000036239624	0.0	0.0
SAP130	1.0	1.0	8.604000091552734	8.604000091552734	8.604000091552734	0.0	0.0
SCLY	0.45454545454545453	0.45454545454545453	21.299999237060547	21.299999237060547	21.299999237060547	0.0	0.0
SCN1A	0.4721700202849213	0.4704378321591893	3.4276666343212128	7.454999923706055	10.282999902963638	0.0	0.0
SCN2A	0.47088844579542066	0.48	16.557000160217285	24.100000381469727	33.11400032043457	1.0	0.0
SCN7A	0.6674147062928129	0.8771929824561404	0.5003333408385515	1.3550000190734863	1.5010000225156546	0.0	0.0
SCN9A	1.0	1.0	12.539999961853027	12.539999961853027	12.539999961853027	0.0	0.0
SCRN3	0.4074074074074074	0.4074074074074074	22.0	22.0	22.0	0.0	0.0
SCTR	1.0	1.0	0.054999999701976776	0.054999999701976776	0.054999999701976776	0.0	0.0
SDC1	1.0	1.0	4.61299991607666	4.61299991607666	4.61299991607666	0.0	0.0
SELENOI	0.7554858124870425	0.7115384615384616	8.05050015449524	9.277000427246094	16.10100030899048	0.0	0.0
SESTD1	0.6	0.6	8.52299976348877	8.52299976348877	8.52299976348877	0.0	0.0
SF3B1	0.4372788906890619	0.43631676808654496	9.488333702087402	11.100000381469727	28.465001106262207	0.0	0.0
SFT2D3	0.5555555555555556	0.5555555555555556	7.201000213623047	7.201000213623047	7.201000213623047	0.0	0.0
SFTPB	0.5384615384615384	0.5384615384615384	14.630000114440918	14.630000114440918	14.630000114440918	0.0	0.0
SFXN5	1.0	1.0	2.9100000858306885	2.9100000858306885	2.9100000858306885	0.0	0.0
SGPP2	1.0	1.0	1.3240000009536743	1.3240000009536743	1.3240000009536743	0.0	0.0
SH3BP4	1.0	1.0	1.6724999994039536	3.125	3.344999998807907	0.0	0.0
SIX3	1.0	1.0	12.550000190734863	12.550000190734863	12.550000190734863	0.0	0.0
SLC11A1	1.0	1.0	6.416999936103821	12.15999984741211	12.833999872207642	0.0	0.0
SLC19A3	0.3684210526315789	0.3684210526315789	8.237000465393066	8.237000465393066	8.237000465393066	0.0	0.0
SLC1A4	0.432568129947131	0.4302232854864434	12.192500114440918	15.3100004196167	24.385000228881836	0.0	0.0
SLC20A1	1.0	1.0	7.60699987411499	7.60699987411499	7.60699987411499	0.0	0.0
SLC25A12	0.43333333333333335	0.43333333333333335	4.9629998207092285	4.9629998207092285	4.9629998207092285	0.0	0.0
SLC3A1	0.38438698619408274	0.40384615384615385	2.975000023841858	3.7960000038146973	5.950000047683716	0.0	0.0
SLC40A1	1.0	1.0	7.730999946594238	7.730999946594238	7.730999946594238	0.0	0.0
SLC4A1AP	1.0	1.0	8.819000244140625	8.819000244140625	8.819000244140625	0.0	0.0
SLC4A3	0.8243039858756454	0.8888888888888888	5.849750109016895	9.449000358581543	23.39900043606758	0.0	0.0
SLC4A5	0.48333333333333334	0.48333333333333334	0.7720000147819519	0.7720000147819519	0.7720000147819519	0.0	0.0
SLC5A6	1.0	1.0	11.529000282287598	16.520000457763672	23.058000564575195	0.0	0.0
SLC9A4	1.0	1.0	1.3124999580904841	2.61299991607666	2.6249999161809683	0.0	0.0
SMYD1	0.5452173032647396	0.5197681957034839	7.320666755239169	18.190000534057617	43.92400053143501	0.0	0.0
SNED1	0.47361355570682273	0.44331617200268886	8.968999862670898	21.5	53.81399917602539	0.0	0.0
SNRNP200	1.0	1.0	7.4710001945495605	7.4710001945495605	7.4710001945495605	0.0	0.0
SNTG2	0.4148892390503737	0.5416666666666666	13.738749705255032	22.899999618530273	54.954998821020126	0.0	0.0
SOCS5	0.44642857142857145	0.44642857142857145	6.935999870300293	6.935999870300293	6.935999870300293	0.0	0.0
SOWAHC	0.7173233691204397	0.7371134020618557	9.829999923706055	10.569999694824219	19.65999984741211	0.0	0.0
SP110	0.5998542290243317	0.5806382275132275	2.895333374540011	14.760000228881836	17.372000247240067	0.0	0.0
SP140	0.5214640351269971	0.7428571428571429	1.5105000510811806	2.811000108718872	3.021000102162361	0.0	0.0
SP5	1.0	1.0	0.42100000381469727	0.42100000381469727	0.42100000381469727	0.0	0.0
SP9	0.4090909090909091	0.4090909090909091	6.498000144958496	6.498000144958496	6.498000144958496	0.0	0.0
SPAG16	0.5625	0.5625	0.2619999945163727	0.2619999945163727	0.2619999945163727	0.0	0.0
SPATA3	1.0	1.0	0.0860000029206276	0.0860000029206276	0.0860000029206276	0.0	0.0
SPATS2L	1.0	1.0	7.9730000495910645	7.9730000495910645	7.9730000495910645	0.0	0.0
SPEG	0.5712695543827214	0.773972602739726	12.810999631881714	24.299999237060547	25.621999263763428	0.0	0.0
SPEGNB	0.7660092089337565	0.7662337662337662	15.615000247955322	15.630000114440918	31.230000495910645	0.0	0.0
SPHKAP	0.9051652778078642	0.7010840108401085	3.2013334035873413	7.550000190734863	9.604000210762024	0.0	0.0
SPP2	1.0	1.0	0.12800000607967377	0.12800000607967377	0.12800000607967377	0.0	0.0
SPTBN1	0.5293179314118793	0.5287412587412588	4.958999872207642	5.2129998207092285	9.917999744415283	0.0	0.0
SRD5A2	0.48936170212765956	0.48936170212765956	4.01200008392334	4.01200008392334	4.01200008392334	0.0	0.0
ST6GAL2	0.793290355725005	0.5989505661419497	4.552750076167285	10.180000305175781	18.21100030466914	0.0	0.0
STK11IP	1.0	1.0	15.369999885559082	15.369999885559082	15.369999885559082	0.0	0.0
STK16	1.0	1.0	3.252000093460083	3.252000093460083	3.252000093460083	0.0	0.0
STK17B	1.0	1.0	10.831666628519693	13.430000305175781	32.49499988555908	0.0	0.0
STK36	1.0	1.0	13.17650032043457	16.610000610351562	26.35300064086914	0.0	0.0
STON1	0.9959414249279798	0.6587312342834771	2.4830000523943454	7.386000156402588	7.449000157183036	0.0	0.0
STPG4	0.42857142857142855	0.42857142857142855	7.201000213623047	7.201000213623047	7.201000213623047	0.0	0.0
STRADB	0.431122448741327	0.4464285714285714	7.657999753952026	9.845999717712402	15.315999507904053	0.0	0.0
SULT1C3	1.0	1.0	0.46549999713897705	0.4959999918937683	0.9309999942779541	0.0	0.0
SULT1C4	0.40816326530612246	0.40816326530612246	0.25999999046325684	0.25999999046325684	0.25999999046325684	0.0	0.0
SULT6B1	0.39646237735388556	0.4854111405835544	3.139499917626381	5.909999847412109	6.278999835252762	0.0	0.0
TAF1B	0.609382288985656	0.6990863415258577	8.125666618347168	19.959999084472656	48.75399971008301	0.0	0.0
TANC1	1.0	1.0	3.7005000275870166	15.720000267028809	22.2030001655221	0.0	0.0
TBC1D8	1.0	1.0	6.09075003862381	15.880000114440918	24.36300015449524	0.0	0.0
TDRD15	0.5672888164438166	0.5445590994371482	2.267499953508377	3.859999895095825	4.534999907016754	0.0	0.0
TEKT4	0.4984374175301254	0.5339996971073754	14.901999711990356	22.299999237060547	29.803999423980713	0.0	0.0
TEX261	0.5789473684210527	0.5789473684210527	15.34000015258789	15.34000015258789	15.34000015258789	0.0	0.0
TEX44	0.5367184107440703	0.5497720364741641	0.8400000017136335	1.6200000047683716	1.680000003427267	0.0	0.0
TEX51	0.576271186440678	0.576271186440678	19.889999389648438	19.889999389648438	19.889999389648438	0.0	0.0
TFCP2L1	0.4559327250901568	0.4572298325722983	11.444999679923058	29.799999237060547	34.33499903976917	0.0	0.0
TFPI	0.3793103448275862	0.3793103448275862	18.200000762939453	18.200000762939453	18.200000762939453	0.0	0.0
TGFA	0.4444444444444444	0.4444444444444444	8.437000274658203	8.437000274658203	8.437000274658203	0.0	0.0
TGFBRAP1	0.7651774724529713	0.8627450980392157	0.6236666738986969	1.0670000314712524	1.8710000216960907	0.0	0.0
TGOLN2	1.0	1.0	4.866999961435795	12.15999984741211	19.46799984574318	0.0	1.0
THADA	0.5	0.5	0.024000000208616257	0.024000000208616257	0.024000000208616257	0.0	0.0
THAP4	0.45	0.45	0.14300000667572021	0.14300000667572021	0.14300000667572021	0.0	0.0
THNSL2	0.5625	0.5625	11.449999809265137	11.449999809265137	11.449999809265137	0.0	0.0
THSD7B	0.9664300578685381	0.7362637362637363	7.518499970436096	14.079999923706055	15.036999940872192	0.0	0.0
TIGD1	0.8316700773918926	0.8006094329623741	5.0927499532699585	8.555999755859375	20.370999813079834	0.0	0.0
TLK1	0.4745762711864407	0.4745762711864407	6.618000030517578	6.618000030517578	6.618000030517578	0.0	0.0
TM4SF20	0.5	0.5	2.4040000438690186	2.4040000438690186	2.4040000438690186	0.0	0.0
TMBIM1	1.0	1.0	13.101000428199768	24.200000762939453	26.202000856399536	0.0	0.0
TMEM131	0.4896760758209995	0.47613856589147285	15.054500102996826	21.0	30.109000205993652	0.0	0.0
TMEM17	0.7091426668399387	0.7	7.727499961853027	7.9629998207092285	15.454999923706055	0.0	0.0
TMEM177	0.6792371947888076	0.6310200668896322	6.922249926137738	19.149999618530273	27.68899970455095	0.0	0.0
TMEM18	0.46	0.46	3.3269999027252197	3.3269999027252197	3.3269999027252197	0.0	0.0
TMEM182	1.0	1.0	8.407999992370605	8.407999992370605	8.407999992370605	0.0	0.0
TMEM185B	1.0	1.0	24.399999618530273	24.399999618530273	24.399999618530273	0.0	0.0
TMEM198	1.0	1.0	12.960500240325928	17.940000534057617	25.921000480651855	0.0	0.0
TMEM214	0.5434782608695652	0.5434782608695652	26.700000762939453	26.700000762939453	26.700000762939453	0.0	0.0
TMSB10	0.4523809523809524	0.4523809523809524	13.0	13.0	13.0	0.0	0.0
TNS1	1.0	1.0	6.967285650117057	22.399999618530273	48.7709995508194	0.0	0.0
TOGARAM2	1.0	1.0	8.136999994516373	16.40999984741211	24.410999983549118	0.0	0.0
TPO	0.49356476145630257	0.4899822253936349	6.1709999951999635	23.399999618530273	49.36799996159971	0.0	0.0
TRABD2A	0.48469411979214294	0.4423076923076923	12.163500189781189	21.100000381469727	24.327000379562378	0.0	0.0
TRAF3IP1	1.0	1.0	11.390000343322754	11.390000343322754	11.390000343322754	0.0	0.0
TRAK2	0.6075699688433348	0.6873319892473119	14.83633295694987	18.809999465942383	44.50899887084961	0.0	0.0
TRAPPC12	0.8753547958846317	0.7413793103448276	4.28249990940094	6.500999927520752	8.56499981880188	0.0	0.0
TRIP12	0.4924557589495258	0.49951143247996876	4.649499952793121	7.35699987411499	9.298999905586243	0.0	0.0
TRMT61B	1.0	1.0	6.604499816894531	9.569999694824219	13.208999633789062	0.0	0.0
TSPYL6	0.5245901639344263	0.5245901639344263	12.0	12.0	12.0	0.0	0.0
TTC21B	0.5861033524080124	0.5879896313364055	10.426999807357788	21.299999237060547	41.70799922943115	0.0	0.0
TTC27	0.5195017257050449	0.6639841033283657	13.10033369064331	26.200000762939453	39.30100107192993	0.0	0.0
TTC30A	0.7373689409216048	0.8440860215053764	15.672666390736898	26.399999618530273	47.01799917221069	0.0	0.0
TTC30B	1.0	1.0	15.195000171661377	23.600000381469727	30.390000343322754	0.0	0.0
TTC31	0.6142857142857143	0.6142857142857143	9.62600040435791	9.62600040435791	9.62600040435791	0.0	0.0
TTC32	0.48717948717948717	0.48717948717948717	1.375	1.375	1.375	0.0	0.0
TTC7A	0.4594594594594595	0.4594594594594595	14.319999694824219	14.319999694824219	14.319999694824219	0.0	0.0
TTL	0.2524825943101222	0.3851851851851852	6.788000136613846	12.720000267028809	13.576000273227692	0.0	0.0
TTLL4	1.0	1.0	10.59499994913737	19.59000015258789	31.78499984741211	0.0	0.0
TTN	0.9311663033749903	0.9061321495914519	10.841249946504831	23.399999618530273	173.4599991440773	0.0	0.0
TUBA3D	0.2905903106724708	0.28765074104759275	7.678999900817871	9.414999961853027	15.357999801635742	0.0	0.0
TUBA3E	0.7447354767398001	0.7073404325366184	5.79533322652181	8.767999649047852	17.38599967956543	0.0	0.0
TUBA4B	1.0	1.0	7.427333434422811	13.800000190734863	22.282000303268433	0.0	0.0
UBR3	0.44999852547858954	0.45267733469417515	9.065500020980835	12.890000343322754	36.26200008392334	0.0	0.0
UGGT1	0.9196108839733215	0.8108108108108109	4.452666680018107	6.110000133514404	13.358000040054321	0.0	0.0
UGT1A10	0.45698924731182794	0.45698924731182794	5.060999870300293	5.060999870300293	5.060999870300293	0.0	0.0
UGT1A3	0.4756787719210184	0.48358323573804596	0.2083999919705093	0.5019999742507935	1.0419999598525465	0.0	0.0
UGT1A4	0.6699959495368575	0.6530379003074822	0.9784999936819077	1.7170000076293945	3.9139999747276306	0.0	0.0
UGT1A5	0.4753857244064777	0.4563585751051246	3.4336153460630716	16.3799991607666	44.63699949881993	0.0	0.0
UGT1A7	0.999203110837321	0.9960153670307341	1.9074999501463026	5.422999858856201	7.62999980058521	0.0	0.0
UGT1A8	0.4855072463768116	0.4855072463768116	0.052000001072883606	0.052000001072883606	0.052000001072883606	0.0	0.0
UNC80	0.6472201657493558	0.45853625170998635	2.6416000187397004	6.306000232696533	13.208000093698502	0.0	0.0
USP34	0.8054966165978019	0.8833333333333333	13.196000099182129	22.0	52.784000396728516	0.0	0.0
USP37	1.0	1.0	11.079999923706055	11.079999923706055	11.079999923706055	0.0	0.0
USP40	1.0	1.0	3.6725000916048884	7.333000183105469	7.345000183209777	0.0	0.0
VAMP8	0.6943392597610659	0.7224358974358974	9.912499904632568	10.979999542236328	19.824999809265137	0.0	0.0
VAX2	0.525	0.525	17.389999389648438	17.389999389648438	17.389999389648438	0.0	0.0
VWA3B	1.0	1.0	3.779666585226854	6.785999774932861	11.338999755680561	0.0	0.0
WBP1	0.5691056910569106	0.5691056910569106	3.6640000343322754	3.6640000343322754	3.6640000343322754	0.0	0.0
WDPCP	1.0	1.0	1.4129999876022339	1.4129999876022339	1.4129999876022339	0.0	0.0
WDR12	0.45161290322580644	0.45161290322580644	21.0	21.0	21.0	0.0	0.0
WDR35	0.6447724304203477	0.8095238095238095	9.137000441551208	17.040000915527344	18.274000883102417	0.0	0.0
WDR43	1.0	1.0	4.923999985059102	7.252999782562256	14.771999955177307	0.0	0.0
WDR75	1.0	1.0	2.2339999675750732	2.2339999675750732	2.2339999675750732	0.0	0.0
WDR92	0.4166666666666667	0.4166666666666667	19.020000457763672	19.020000457763672	19.020000457763672	0.0	0.0
WIPF1	1.0	1.0	14.289999961853027	14.289999961853027	14.289999961853027	0.0	0.0
WNT6	0.5161290322580645	0.5161290322580645	7.283999919891357	7.283999919891357	7.283999919891357	0.0	0.0
XDH	0.9991835734759482	0.7647058823529411	4.322999782394618	8.630999565124512	8.645999564789236	0.0	0.0
XIRP2	0.5294117647058824	0.5294117647058824	6.386000156402588	6.386000156402588	6.386000156402588	0.0	1.0
XRCC5	1.0	1.0	0.42899999022483826	0.42899999022483826	0.42899999022483826	0.0	0.0
YPEL5	0.543859649122807	0.543859649122807	12.609999656677246	12.609999656677246	12.609999656677246	0.0	0.0
ZAP70	0.5247524752475248	0.5247524752475248	7.519999980926514	7.519999980926514	7.519999980926514	0.0	0.0
ZDBF2	0.4854703820115558	0.4668923302586669	0.7983333170413971	1.2079999446868896	2.3949999511241913	0.0	0.0
ZNF142	1.0	1.0	5.739000133704394	11.470000267028809	11.478000267408788	0.0	0.0
ZNF638	0.5714285714285714	0.5714285714285714	17.489999771118164	17.489999771118164	17.489999771118164	0.0	0.0
ZNF804A	1.0	1.0	4.696799838542939	17.459999084472656	23.48399919271469	0.0	0.0
ZNF806	0.41304347826086957	0.41304347826086957	0.5389999747276306	0.5389999747276306	0.5389999747276306	0.0	0.0
ZRANB3	0.4948311704837813	0.5074187884108866	10.403200006484985	23.399999618530273	52.01600003242493	0.0	0.0
