Gene	CADD_weighted_avg_AF	avg_AF	avg_CADD_PHRED	max_CADD_PHRED	sum_CADD_PHRED	HFI	LoH
AADACL3	0.5491484644703808	0.544151522205204	11.965399961918592	24.600000381469727	59.82699980959296	0.0	1.0
ABCA4	0.4742640099140518	0.8095238095238096	1.7549999579787254	4.843999862670898	5.264999873936176	0.0	0.0
ABCD3	0.45454545454545453	0.45454545454545453	4.314000129699707	4.314000129699707	4.314000129699707	0.0	0.0
ACBD3	0.4642857142857143	0.4642857142857143	18.729999542236328	18.729999542236328	18.729999542236328	0.0	0.0
ACKR1	0.3904761904761905	0.3904761904761905	0.6800000071525574	0.6800000071525574	0.6800000071525574	0.0	0.0
ACOT11	0.531467739173072	0.5327702702702704	17.300000190734863	20.200000762939453	34.60000038146973	0.0	0.0
ACOT7	0.38095238095238093	0.38095238095238093	2.7139999866485596	2.7139999866485596	2.7139999866485596	0.0	0.0
ACP6	0.45297425853086926	0.455	3.5739998817443848	5.021999835968018	7.1479997634887695	0.0	0.0
ACTL8	0.5146744412511569	0.573968253968254	0.4900000039488077	0.9300000071525574	0.9800000078976154	0.0	0.0
ACTN2	1.0	1.0	3.6684999465942383	5.704999923706055	7.336999893188477	0.0	0.0
ACTRT2	1.0	1.0	25.100000381469727	25.100000381469727	25.100000381469727	0.0	0.0
ADAM15	0.7383316805139069	0.76890756302521	6.18999981880188	7.008999824523926	12.37999963760376	0.0	0.0
ADAM30	0.5955056179775281	0.5955056179775281	0.37599998712539673	0.37599998712539673	0.37599998712539673	0.0	0.0
ADAMTS4	0.8245237738142858	0.6432516935904117	3.037999947865804	6.193999767303467	9.113999843597412	0.0	0.0
ADAMTSL4	0.4755936524664617	0.6972745715961659	5.00157130030649	17.059999465942383	35.01099910214543	0.0	0.0
ADAR	0.5751330748131346	0.7536184210526315	2.98850005492568	9.517000198364258	11.95400021970272	0.0	0.0
ADCY10	0.5039330722371023	0.49400859606039277	7.5125002562999725	17.1200008392334	30.05000102519989	0.0	0.0
ADGRL2	1.0	1.0	1.6109999418258667	1.6109999418258667	1.6109999418258667	0.0	0.0
ADGRL4	1.0	1.0	9.59000015258789	9.59000015258789	9.59000015258789	0.0	0.0
ADORA1	0.4732142857142857	0.4732142857142857	1.0529999732971191	1.0529999732971191	1.0529999732971191	0.0	0.0
ADORA3	1.0	1.0	5.3420000076293945	5.3420000076293945	5.3420000076293945	0.0	0.0
AGL	1.0	1.0	10.246999979019165	13.460000038146973	20.49399995803833	0.0	0.0
AGMAT	0.5255440959948794	0.4875283446712018	4.650000125169754	8.753000259399414	9.300000250339508	0.0	0.0
AGO4	1.0	1.0	0.3630000054836273	0.3630000054836273	0.3630000054836273	0.0	0.0
AGRN	0.6432684057027915	0.7912901392441034	3.6151999339461325	10.779999732971191	18.075999669730663	0.0	0.0
AGT	0.566614144009285	0.667391304347826	8.949333061774572	23.799999237060547	26.847999185323715	0.0	0.0
AHCTF1	0.4473684210526316	0.4473684210526316	1.3819999694824219	1.3819999694824219	1.3819999694824219	0.0	0.0
AHDC1	0.9994834997493981	0.9954291200534312	3.869750050827861	7.379000186920166	15.479000203311443	0.0	0.0
AJAP1	0.5513481132146569	0.5088268335740652	13.263999938964844	22.5	26.527999877929688	0.0	0.0
AK4	0.5227272727272727	0.5227272727272727	8.293999671936035	8.293999671936035	8.293999671936035	0.0	0.0
AKNAD1	0.5040040806517534	0.5334059549745823	0.25699999804298085	0.5189999938011169	0.7709999941289425	0.0	0.0
AKR1A1	0.5294117647058824	0.5294117647058824	9.62399959564209	9.62399959564209	9.62399959564209	0.0	0.0
AKR7A2	0.4166666666666667	0.4166666666666667	0.07199999690055847	0.07199999690055847	0.07199999690055847	0.0	0.0
AKR7A3	0.9890063549443863	0.8706896551724138	10.774249702692032	23.299999237060547	43.09699881076813	0.0	0.0
AKR7L	0.4745645936661329	0.45684191897427207	8.04450012834665	24.700000762939453	96.5340015401598	0.0	0.0
ALDH4A1	1.0	1.0	1.887000059708953	8.680000305175781	9.435000298544765	0.0	0.0
ALDH9A1	0.42647058823529416	0.42647058823529416	0.06400000303983688	0.06400000303983688	0.12800000607967377	0.0	0.0
ALG6	0.7674695894625347	0.8142857142857143	17.96999979019165	22.5	35.9399995803833	0.0	0.0
ALPL	0.46938775510204084	0.46938775510204084	1.190000057220459	1.190000057220459	1.190000057220459	0.0	0.0
AMPD1	0.4791666666666667	0.4791666666666667	29.700000762939453	29.700000762939453	29.700000762939453	1.0	0.0
AMPD2	1.0	1.0	2.6540000438690186	2.6540000438690186	2.6540000438690186	0.0	0.0
AMY2A	0.6355140186915887	0.6355140186915887	10.020000457763672	10.020000457763672	10.020000457763672	0.0	0.0
AMY2B	0.4649122807017544	0.4649122807017544	8.071999549865723	8.071999549865723	8.071999549865723	0.0	0.0
ANGEL2	1.0	1.0	13.619999885559082	13.619999885559082	13.619999885559082	0.0	0.0
ANKRD35	1.0	1.0	4.910750098526478	13.220000267028809	19.64300039410591	0.0	0.0
ANXA9	0.4885163096279933	0.44346764346764345	15.335333208243052	24.5	46.00599962472916	0.0	0.0
AP4B1	0.4349136158042967	0.4149797570850202	13.38800048828125	19.1200008392334	26.7760009765625	0.0	0.0
APCS	0.4117647058823529	0.4117647058823529	0.7879999876022339	0.7879999876022339	0.7879999876022339	0.0	0.0
APOBEC4	0.4545736469803315	0.49216156946420103	4.144333442052205	8.442000389099121	12.433000326156616	0.0	0.0
AQP10	0.4732064730312077	0.47077922077922074	2.805000066757202	3.0380001068115234	5.610000133514404	0.0	0.0
ARHGAP29	0.894805960976088	0.7846153846153846	12.112999677658081	18.309999465942383	24.225999355316162	0.0	0.0
ARHGAP30	0.9443385143518976	0.7261904761904762	3.4090000092983246	6.125	6.818000018596649	0.0	0.0
ARHGEF10L	1.0	1.0	4.716333468755086	10.3100004196167	14.149000406265259	0.0	0.0
ARHGEF11	0.6166666666666667	0.6166666666666667	0.006000000052154064	0.006000000052154064	0.006000000052154064	0.0	0.0
ARHGEF16	1.0	1.0	8.633500091731548	19.59000015258789	34.53400036692619	0.0	0.0
ARHGEF19	0.475	0.475	32.0	32.0	32.0	0.0	0.0
ARID4B	0.4818529328531164	0.5714285714285714	5.1635002344846725	10.020000457763672	10.327000468969345	0.0	0.0
ARNT	0.4791666666666667	0.4791666666666667	6.188000202178955	6.188000202178955	6.188000202178955	0.0	0.0
ARTN	0.47058823529411764	0.47058823529411764	7.070000171661377	7.070000171661377	7.070000171661377	0.0	0.0
ASAP3	0.4117647058823529	0.4117647058823529	14.119999885559082	14.119999885559082	14.119999885559082	0.0	0.0
ASCL5	0.48	0.48	16.18000030517578	16.18000030517578	16.18000030517578	0.0	0.0
ASH1L	0.9895833333333334	0.9895833333333334	12.819999694824219	12.819999694824219	12.819999694824219	0.0	0.0
ASPM	0.7085646424166842	0.6873415924756084	5.699090926484629	23.700000762939453	62.69000019133091	0.0	0.0
ASTN1	0.9948862093328236	0.9970238095238095	9.154749944806099	15.729999542236328	36.618999779224396	0.0	0.0
ATF6	1.0	1.0	7.814499914646149	14.90999984741211	15.628999829292297	0.0	0.0
ATP13A2	0.8397825953992377	0.9065934065934066	2.034666662414869	5.118000030517578	12.207999974489212	0.0	0.0
ATP1A4	1.0	1.0	3.7643332481384277	10.529999732971191	11.292999744415283	0.0	0.0
ATP2B4	1.0	1.0	4.735000183805823	9.416000366210938	9.470000367611647	0.0	0.0
ATP5IF1	0.4342105263157895	0.4342105263157895	0.05999999865889549	0.05999999865889549	0.05999999865889549	0.0	0.0
ATP8B2	0.43859407736112793	0.49132421640820295	5.184999908010165	10.329999923706055	15.554999724030495	0.0	0.0
ATPAF1	0.36231884057971014	0.36231884057971014	6.586999893188477	6.586999893188477	6.586999893188477	0.0	0.0
AVPR1B	0.4886675715776122	0.5330757522538345	10.804000198841095	22.700000762939453	32.412000596523285	0.0	0.0
AXDND1	0.5708458323730591	0.5417543859649122	3.718333269158999	9.456999778747559	11.154999807476997	0.0	0.0
B3GALNT2	0.5555555555555556	0.5555555555555556	5.14900016784668	5.14900016784668	5.14900016784668	0.0	0.0
BCL2L15	1.0	1.0	0.10499999672174454	0.10499999672174454	0.10499999672174454	0.0	0.0
BCL9	0.5865384615384616	0.5865384615384616	23.299999237060547	23.299999237060547	23.299999237060547	0.0	0.0
BECN2	0.5119811800032253	0.5114949446316803	10.247499942779541	11.699999809265137	20.494999885559082	0.0	0.0
BEND5	1.0	1.0	9.376999855041504	9.376999855041504	9.376999855041504	0.0	0.0
BMP8A	0.9177830655497465	0.9	8.823000073432922	18.09000015258789	35.29200029373169	0.0	0.0
BMP8B	0.5862068965517241	0.5862068965517241	10.65999984741211	10.65999984741211	10.65999984741211	0.0	0.0
BNIPL	0.5925925925925926	0.5925925925925926	17.959999084472656	17.959999084472656	17.959999084472656	0.0	0.0
BRDT	0.8414710911317796	0.8292682926829268	4.771000062425931	9.666000366210938	14.313000187277794	0.0	0.0
BRINP2	0.4782608695652174	0.4782608695652174	9.154000282287598	9.154000282287598	9.154000282287598	0.0	0.0
BTBD8	0.7450277521290125	0.78125	16.214999675750732	18.899999618530273	32.429999351501465	0.0	0.0
BTNL10	1.0	1.0	0.14300000667572021	0.14300000667572021	0.14300000667572021	0.0	0.0
C1QA	0.5617977528089888	0.5617977528089888	1.340999960899353	1.340999960899353	1.340999960899353	0.0	0.0
C1orf105	0.42686950253036055	0.4435483870967742	4.312000036239624	5.585999965667725	8.624000072479248	0.0	0.0
C1orf109	0.6627663660418086	0.7403846153846154	6.23799991607666	8.102999687194824	12.47599983215332	0.0	0.0
C1orf112	1.0	1.0	3.8469998836517334	3.8469998836517334	3.8469998836517334	0.0	0.0
C1orf116	0.4146341463414634	0.4146341463414634	1.281000018119812	1.281000018119812	1.281000018119812	0.0	0.0
C1orf141	1.0	1.0	4.434500008821487	8.434000015258789	8.869000017642975	0.0	0.0
C1orf158	0.5689655172413793	0.5689655172413793	7.250999927520752	7.250999927520752	7.250999927520752	0.0	0.0
C1orf159	0.5671641791044776	0.5671641791044776	4.9120001792907715	4.9120001792907715	4.9120001792907715	0.0	0.0
C1orf162	0.4230769230769231	0.4230769230769231	3.760999917984009	3.760999917984009	3.760999917984009	0.0	0.0
C1orf167	0.9498922109595336	0.9230769230769231	5.564076879276679	17.479999542236328	72.33299943059683	0.0	0.0
C1orf174	1.0	1.0	5.288000106811523	5.288000106811523	5.288000106811523	0.0	0.0
C1orf52	0.5882352941176471	0.5882352941176471	3.740999937057495	3.740999937057495	3.740999937057495	0.0	0.0
C1orf53	0.375	0.375	5.519999980926514	5.519999980926514	5.519999980926514	0.0	0.0
C1orf87	0.40578692136339756	0.6382978723404256	4.361999928951263	7.165999889373779	8.723999857902527	0.0	0.0
C2CD4D	1.0	1.0	10.649999618530273	10.649999618530273	10.649999618530273	0.0	0.0
C4BPA	0.581779870576693	0.5812316715542523	0.8419999741017818	1.628999948501587	1.6839999482035637	0.0	0.0
C8B	1.0	1.0	9.755000114440918	9.755000114440918	9.755000114440918	0.0	0.0
CA14	0.5348837209302325	0.5348837209302325	18.020000457763672	18.020000457763672	18.020000457763672	0.0	0.0
CA6	0.7741935483870968	0.7741935483870968	1.4490000009536743	1.4490000009536743	1.4490000009536743	0.0	0.0
CACHD1	1.0	1.0	7.357999801635742	7.357999801635742	7.357999801635742	0.0	0.0
CACNA1E	0.4941889950596713	0.43534482758620685	2.9240000247955322	5.9070000648498535	8.772000074386597	0.0	0.0
CACNA1S	0.6719696930710503	0.6982379767827529	5.352999898791313	10.229999542236328	26.764999493956566	0.0	0.0
CADM3	0.430732035798999	0.487012987012987	12.225999996066093	24.0	24.451999992132187	0.0	0.0
CAMTA1	1.0	1.0	18.90999984741211	18.90999984741211	18.90999984741211	0.0	0.0
CAP1	1.0	1.0	17.016666730244953	21.399999618530273	102.10000038146973	0.0	0.0
CAPN2	0.724515072072238	0.8522727272727273	12.172750171273947	22.700000762939453	48.69100068509579	0.0	0.0
CAPN8	0.44970660788595396	0.463092124382447	15.726666539907455	26.299999237060547	47.179999619722366	0.0	0.0
CAPN9	1.0	1.0	0.4690000042319298	0.8510000109672546	0.9380000084638596	0.0	0.0
CASP9	0.5464469400097824	0.4275070966541021	5.580000067090926	15.34000015258789	16.740000201272778	0.0	0.0
CASQ2	0.33498629666932134	0.3555194805194805	1.1065000146627426	1.715000033378601	2.2130000293254852	0.0	0.0
CATSPER4	0.5454545454545454	0.5454545454545454	7.9019999504089355	7.9019999504089355	7.9019999504089355	0.0	0.0
CATSPERE	0.6854264730852431	0.6182926829268293	1.36800005286932	2.492000102996826	2.73600010573864	0.0	0.0
CCDC18	0.4375	0.4375	20.299999237060547	20.299999237060547	20.299999237060547	0.0	0.0
CCDC181	0.5162804126405033	0.7368421052631579	7.65449982881546	14.069999694824219	15.30899965763092	0.0	0.0
CCDC27	0.4533404076988586	0.49339149694119266	0.2847500011557713	0.9020000100135803	1.1390000046230853	0.0	0.0
CCDC30	0.4421404565148373	0.4711685373450079	9.250499844551086	12.279999732971191	37.001999378204346	0.0	0.0
CD101	1.0	1.0	0.007000000216066837	0.007000000216066837	0.007000000216066837	0.0	0.0
CD164L2	1.0	1.0	2.0239999294281006	2.0239999294281006	2.0239999294281006	0.0	0.0
CD1A	0.4520547945205479	0.4520547945205479	0.824999988079071	0.824999988079071	0.824999988079071	0.0	0.0
CD1E	0.5	0.5	0.0010000000474974513	0.0010000000474974513	0.0010000000474974513	0.0	0.0
CD2	0.5833333333333334	0.5833333333333334	8.27400016784668	8.27400016784668	8.27400016784668	0.0	0.0
CD48	1.0	1.0	2.68149995803833	3.86899995803833	5.36299991607666	0.0	0.0
CD52	1.0	1.0	6.001500129699707	8.133000373840332	12.003000259399414	0.0	0.0
CDA	0.5022655735180501	0.47538677918424754	11.559000194072723	21.600000381469727	23.118000388145447	0.0	0.0
CDC42BPA	1.0	1.0	4.492999866604805	8.904999732971191	8.98599973320961	0.0	0.0
CDC7	1.0	1.0	3.128999948501587	3.128999948501587	3.128999948501587	0.0	0.0
CDCP2	1.0	1.0	20.994999885559082	25.5	41.989999771118164	0.0	0.0
CDK11A	0.8800159160157224	0.9308510638297873	11.33616671959559	28.0	68.01700031757355	0.0	0.0
CDK11B	1.0	1.0	5.1579999923706055	5.1579999923706055	5.1579999923706055	0.0	0.0
CDK18	1.0	1.0	12.880000114440918	12.880000114440918	12.880000114440918	0.0	0.0
CELA2B	0.840500999132463	0.6246174893902167	1.0697499876841903	2.9549999237060547	4.278999950736761	0.0	0.0
CELA3A	0.5278509976219169	0.5963699222126189	2.6616667012373605	6.209000110626221	7.985000103712082	0.0	0.0
CELA3B	1.0	1.0	2.978000043026571	15.470000267028809	20.846000301185995	0.0	0.0
CELSR2	0.5263498142366594	0.6933972672724624	7.288111100594203	26.600000381469727	65.59299990534782	0.0	0.0
CENPF	1.0	1.0	1.7266666594271858	3.4049999713897705	5.179999978281558	0.0	0.0
CENPS-CORT	1.0	1.0	4.665999889373779	4.665999889373779	4.665999889373779	0.0	0.0
CEP104	1.0	1.0	10.609999656677246	10.609999656677246	10.609999656677246	0.0	0.0
CEP170	0.7908811491311786	0.796875	16.77500057220459	17.270000457763672	33.55000114440918	0.0	0.0
CEP350	0.503852763055475	0.5143821124263739	21.856667200724285	23.700000762939453	65.57000160217285	0.0	0.0
CEP85	0.45161290322580644	0.45161290322580644	11.75	11.75	11.75	0.0	0.0
CERS2	0.47368421052631576	0.47368421052631576	28.0	28.0	28.0	1.0	0.0
CFAP45	0.5454545454545454	0.5454545454545454	10.789999961853027	10.789999961853027	10.789999961853027	0.0	0.0
CFAP57	0.5416612484392208	0.4852178071799946	4.808599895238876	17.559999465942383	24.04299947619438	0.0	0.0
CFAP74	0.4812486330932619	0.48466491661304295	10.931299957237206	26.100000381469727	109.31299957237206	0.0	0.0
CFH	1.0	1.0	4.481749969971133	10.25	17.926999879884534	0.0	0.0
CFHR1	1.0	1.0	3.141500056410829	8.769000053405762	18.849000338464975	0.0	0.0
CFHR2	1.0	1.0	14.789999961853027	14.789999961853027	14.789999961853027	0.0	0.0
CFHR3	1.0	1.0	11.600000381469727	11.600000381469727	11.600000381469727	0.0	0.0
CFHR4	1.0	1.0	1.1690000146627426	2.0950000286102295	2.3380000293254852	0.0	0.0
CHD1L	0.48052484985948635	0.484181999714734	8.729000091552734	14.130000114440918	26.187000274658203	0.0	0.0
CHD5	0.5128205128205128	0.5128205128205128	17.8700008392334	17.8700008392334	17.8700008392334	0.0	0.0
CHI3L1	1.0	1.0	0.1340000033378601	0.1340000033378601	0.1340000033378601	0.0	0.0
CHI3L2	0.5576923076923077	0.5576923076923077	22.5	22.5	22.5	0.0	0.0
CHIA	0.45217246619090457	0.48353146853146856	11.365750047378242	22.5	45.46300018951297	0.0	0.0
CHML	0.40425531914893614	0.40425531914893614	1.7580000162124634	1.7580000162124634	1.7580000162124634	0.0	0.0
CHRNB2	0.5306122448979592	0.5306122448979592	14.369999885559082	14.369999885559082	14.369999885559082	0.0	0.0
CLCA1	0.9820180863348426	0.8823529411764706	7.654750008136034	15.520000457763672	30.619000032544136	0.0	0.0
CLCC1	0.7666316579808617	0.75	1.4279999732971191	1.5230000019073486	2.8559999465942383	0.0	0.0
CLCN6	1.0	1.0	20.700000762939453	20.700000762939453	20.700000762939453	0.0	0.0
CLCNKA	0.5539796248923415	0.5702862586966496	6.516000065538618	23.200000762939453	58.644000589847565	0.0	0.0
CLCNKB	0.7087548318934117	0.7843956088834795	5.712785668271993	18.56999969482422	79.9789993558079	0.0	0.0
CLDN19	0.34545454545454546	0.34545454545454546	23.600000381469727	23.600000381469727	23.600000381469727	0.0	0.0
CLSTN1	0.4455714286335168	0.45333333333333337	0.2799999937415123	0.4429999887943268	0.5599999874830246	0.0	0.0
CNKSR1	0.4222222222222222	0.4222222222222222	2.4660000801086426	2.4660000801086426	2.4660000801086426	0.0	0.0
CNR2	0.4382933757032187	0.4511504583483766	3.964444508155187	8.612000465393066	35.68000057339668	0.0	0.0
CNST	1.0	1.0	0.05900000035762787	0.05900000035762787	0.05900000035762787	0.0	0.0
COA6	1.0	1.0	0.1979999989271164	0.1979999989271164	0.1979999989271164	0.0	0.0
COA7	0.4431818181818182	0.4431818181818182	19.719999313354492	19.719999313354492	19.719999313354492	0.0	0.0
COG2	0.5	0.5	5.9039998054504395	5.9039998054504395	5.9039998054504395	0.0	0.0
COL11A1	0.6334027585482122	0.5903333333333334	14.835200023651122	25.700000762939453	74.17600011825562	1.0	0.0
COL16A1	0.9733837418980652	0.7608695652173914	0.862499974668026	1.628999948501587	1.724999949336052	0.0	0.0
COL24A1	0.9132809634708335	0.8636363636363636	9.486749969422817	20.5	37.94699987769127	1.0	0.0
COL9A2	0.6044808270067797	0.6090909090909091	9.495000123977661	14.3100004196167	18.990000247955322	0.0	0.0
COPA	0.2857142857142857	0.2857142857142857	1.9299999475479126	1.9299999475479126	1.9299999475479126	0.0	0.0
COQ8A	1.0	1.0	0.8126666632015258	1.6449999809265137	2.4379999896045774	0.0	0.0
CPT2	0.5698924731182796	0.5698924731182796	0.07199999690055847	0.07199999690055847	0.07199999690055847	0.0	0.0
CPTP	1.0	1.0	0.4440000057220459	0.4440000057220459	0.4440000057220459	0.0	0.0
CR1	0.6310500954148607	0.6559104600333928	0.2343333337145547	0.4650000035762787	0.7030000011436641	0.0	0.0
CR1L	0.5431649292319896	0.5033608603802574	5.620000133290887	11.220000267028809	11.240000266581774	0.0	0.0
CR2	1.0	1.0	0.8109999895095825	0.8109999895095825	0.8109999895095825	0.0	0.0
CRB1	1.0	1.0	0.2720000147819519	0.2720000147819519	0.2720000147819519	0.0	0.0
CRCT1	1.0	1.0	7.9695000648498535	8.657999992370605	15.939000129699707	0.0	0.0
CREB3L4	0.5396825396825397	0.5396825396825397	23.5	23.5	23.5	0.0	0.0
CROCC	0.36223226939087677	0.3857044390497555	13.264416679739952	24.100000381469727	159.17300015687943	0.0	0.0
CRTC2	0.48148148148148145	0.48148148148148145	8.375	8.375	8.375	0.0	0.0
CRYBG2	0.5131236466312837	0.5015953156083452	11.521222164233526	24.299999237060547	103.69099947810173	0.0	0.0
CRYZ	0.540600921527997	0.5860294117647059	18.917999982833862	33.0	37.835999965667725	0.0	1.0
CRYZL2P-SEC16B	0.4837150690898746	0.49913594470046085	2.9615000784397125	5.64900016784668	5.923000156879425	0.0	0.0
CSDE1	0.3333333333333333	0.3333333333333333	8.833000183105469	8.833000183105469	8.833000183105469	0.0	0.0
CSF1	1.0	1.0	1.1205000281333923	1.284000039100647	2.2410000562667847	0.0	0.0
CSF3R	0.4444444444444444	0.4444444444444444	0.3709999918937683	0.3709999918937683	0.3709999918937683	0.0	0.0
CSMD2	0.4229782084222639	0.45121939736346517	6.337599748373032	12.359999656677246	31.687998741865158	0.0	0.0
CTBS	0.5115556126962574	0.511891891891892	10.591600036621093	15.109999656677246	52.95800018310547	0.0	0.0
CTH	0.6875	0.6875	15.979999542236328	15.979999542236328	15.979999542236328	0.0	0.0
CTSE	0.4090909090909091	0.4090909090909091	18.719999313354492	18.719999313354492	18.719999313354492	0.0	0.0
CTSK	1.0	1.0	0.12399999797344208	0.12399999797344208	0.12399999797344208	0.0	0.0
CTSS	0.37037037037037035	0.37037037037037035	19.59000015258789	19.59000015258789	19.59000015258789	0.0	0.0
CTTNBP2NL	1.0	1.0	3.960499942302704	7.395999908447266	7.920999884605408	0.0	0.0
CYP4A11	1.0	1.0	3.937000036239624	3.937000036239624	3.937000036239624	0.0	0.0
CYP4Z1	0.3918902721984092	0.39418158567774936	3.707499921321869	6.659999847412109	7.414999842643738	0.0	0.0
DAP3	0.546875	0.546875	10.220000267028809	10.220000267028809	10.220000267028809	0.0	0.0
DBT	1.0	1.0	13.989999771118164	13.989999771118164	13.989999771118164	0.0	0.0
DCAF6	0.5	0.5	10.6899995803833	10.6899995803833	10.6899995803833	0.0	0.0
DDOST	0.5517241379310345	0.5517241379310345	6.370999813079834	6.370999813079834	6.370999813079834	0.0	0.0
DDR2	0.4146341463414634	0.4146341463414634	6.058000087738037	6.058000087738037	6.058000087738037	0.0	0.0
DDX20	0.7631098571104344	0.7467225799488563	8.141000020007292	14.8100004196167	48.846000120043755	0.0	0.0
DDX59	0.4782608695652174	0.4782608695652174	0.04100000113248825	0.04100000113248825	0.04100000113248825	0.0	0.0
DEGS1	0.5362318840579711	0.5362318840579711	10.529999732971191	10.529999732971191	10.529999732971191	0.0	0.0
DENND2C	0.4003944294366332	0.375	4.803499937057495	8.218999862670898	9.60699987411499	0.0	0.0
DENND4B	0.5	0.5	6.739999771118164	6.739999771118164	6.739999771118164	0.0	0.0
DEPDC1	0.3972256333479586	0.38483796296296297	11.263999938964844	14.65999984741211	22.527999877929688	0.0	0.0
DFFB	0.43539196865438184	0.5058528428093645	4.898500056937337	9.755000114440918	9.797000113874674	0.0	0.0
DHCR24	0.46153846153846156	0.46153846153846156	10.720000267028809	10.720000267028809	10.720000267028809	0.0	0.0
DHDDS	0.5238095238095238	0.5238095238095238	13.5	13.5	13.5	0.0	0.0
DHRS3	0.4878048780487805	0.4878048780487805	0.0729999989271164	0.0729999989271164	0.0729999989271164	0.0	0.0
DHX9	1.0	1.0	5.072000026702881	5.072000026702881	5.072000026702881	0.0	0.0
DISC1	0.5148278836977771	0.4817632850241546	10.141000231107077	23.200000762939453	30.423000693321228	0.0	0.0
DISP1	0.47234657615128395	0.4866878358573522	1.5555000305175781	2.2950000762939453	3.1110000610351562	0.0	0.0
DISP3	0.48417576187685923	0.5281438812083974	6.0267498176544905	19.799999237060547	24.106999270617962	0.0	0.0
DMRTA2	0.2972972972972973	0.2972972972972973	2.36899995803833	2.36899995803833	2.36899995803833	0.0	0.0
DNAH14	0.6026282009220394	0.6045586462844745	10.106888868276858	35.0	181.92399962898344	0.0	1.0
DNAI4	0.3602860472107814	0.3670745272525028	3.991499900817871	6.205999851226807	7.982999801635742	0.0	0.0
DNAJC11	1.0	1.0	0.09700000286102295	0.09700000286102295	0.09700000286102295	0.0	0.0
DNAJC6	0.5089709307322049	0.4661290322580645	3.7030001282691956	6.1020002365112305	7.406000256538391	0.0	0.0
DNALI1	1.0	1.0	25.0	25.0	25.0	0.0	0.0
DNASE2B	0.5164934765830692	0.5039783194937656	8.585333347320557	10.960000038146973	25.75600004196167	0.0	0.0
DNM3	1.0	1.0	0.004000000189989805	0.004000000189989805	0.004000000189989805	0.0	0.0
DNTTIP2	0.56	0.56	3.190999984741211	3.190999984741211	3.190999984741211	0.0	0.0
DPT	0.45454545454545453	0.45454545454545453	0.1080000028014183	0.1080000028014183	0.1080000028014183	0.0	0.0
DSTYK	1.0	1.0	18.739999771118164	18.739999771118164	18.739999771118164	0.0	0.0
DTL	1.0	1.0	4.859000086784363	7.3460001945495605	9.718000173568726	0.0	0.0
DUSP10	0.4861111111111111	0.4861111111111111	8.682999610900879	8.682999610900879	8.682999610900879	0.0	0.0
DUSP12	0.3870967741935484	0.3870967741935484	7.34499979019165	7.34499979019165	7.34499979019165	0.0	0.0
DVL1	1.0	1.0	0.34700000286102295	0.34700000286102295	0.34700000286102295	0.0	0.0
E2F2	0.5645174756187558	0.5410312273057372	15.492000341415405	23.200000762939453	30.98400068283081	0.0	0.0
ECE1	0.4823529411764706	0.4823529411764706	0.09200000017881393	0.09200000017881393	0.09200000017881393	0.0	0.0
ECM1	1.0	1.0	6.775499790906906	13.4399995803833	13.550999581813812	0.0	0.0
EDARADD	0.4874424593817611	0.49477762803234504	5.930999994277954	7.815999984741211	11.861999988555908	0.0	0.0
EFCAB2	0.25	0.25	7.709000110626221	7.709000110626221	7.709000110626221	0.0	0.0
EFCAB7	0.4829836309183275	0.47271062271062275	10.772749871015549	18.399999618530273	43.090999484062195	0.0	0.0
EIF2B3	0.41665757158524375	0.41403508771929826	9.886499881744385	11.229999542236328	19.77299976348877	0.0	0.0
EIF4G3	1.0	1.0	5.080999851226807	5.080999851226807	5.080999851226807	0.0	0.0
ELAPOR1	0.8971275791470903	0.9485294117647058	5.838899907795712	21.299999237060547	58.38899907795712	0.0	0.0
ELAVL4	1.0	1.0	11.252999782562256	14.149999618530273	22.50599956512451	0.0	0.0
ELF3	1.0	1.0	3.3409999422729015	6.619999885559082	6.681999884545803	0.0	0.0
ELK4	0.4766355140186916	0.4766355140186916	2.7899999618530273	2.7899999618530273	2.7899999618530273	0.0	0.0
EMC1	0.8594789152221863	0.65	10.209499835968018	16.31999969482422	20.418999671936035	0.0	0.0
EPHA10	0.5552084704239213	0.518037518037518	8.791000266869863	23.200000762939453	26.37300080060959	0.0	0.0
EPHA8	0.5529411764705883	0.5529411764705883	7.02400016784668	7.02400016784668	7.02400016784668	0.0	0.0
EPHB2	1.0	1.0	11.630000114440918	11.630000114440918	11.630000114440918	0.0	0.0
EPHX1	0.7992863988156221	0.7639125094482238	11.665499955415726	25.0	46.6619998216629	0.0	0.0
EPRS1	1.0	1.0	0.24300000071525574	0.24300000071525574	0.24300000071525574	0.0	0.0
EPS15	0.4753368951332023	0.4432957393483709	8.591999967892965	16.989999771118164	25.775999903678894	0.0	0.0
EPS8L3	0.39679759312237906	0.4605263157894737	6.3849998489022255	12.569999694824219	12.769999697804451	0.0	0.0
ERICH3	1.0	1.0	11.009999999776483	22.0	22.019999999552965	0.0	0.0
ETV3L	1.0	1.0	0.8640000224113464	0.8640000224113464	0.8640000224113464	0.0	0.0
EVI5	0.673828445603851	0.8452380952380952	8.213249906897545	17.309999465942383	32.85299962759018	0.0	0.0
EXO1	0.9952809625293704	0.8130081300813008	6.340000202258428	18.360000610351562	19.020000606775284	0.0	0.0
EXOSC10	1.0	1.0	2.199500061571598	4.3470001220703125	4.399000123143196	0.0	0.0
F13B	0.8770054832884866	0.8958333333333334	0.8206666509310404	0.968999981880188	2.4619999527931213	0.0	0.0
F5	0.9949748743718593	0.9949748743718593	0.06300000101327896	0.06300000101327896	0.06300000101327896	0.0	0.0
FAAH	0.5038634091434746	0.4899364406779661	10.658999919891357	13.489999771118164	21.317999839782715	0.0	0.0
FAAP20	0.786690560100298	0.6686836089821164	5.161333282788594	8.934000015258789	15.483999848365784	0.0	0.0
FAM110D	0.5128205128205128	0.5128205128205128	18.260000228881836	18.260000228881836	18.260000228881836	0.0	0.0
FAM131C	0.35194646859027684	0.4499629726498479	7.522916504492362	24.399999618530273	90.27499805390835	0.0	0.0
FAM151A	0.4641858635210185	0.47568507197921406	9.742000182469686	14.59000015258789	29.226000547409058	0.0	0.0
FAM177B	1.0	1.0	7.931500076316297	15.84000015258789	15.863000152632594	0.0	0.0
FAM71A	0.7435265207217333	0.620219182112386	3.6273333628972373	5.931000232696533	10.882000088691711	0.0	0.0
FAM78B	0.38333333333333336	0.38333333333333336	7.578000068664551	7.578000068664551	7.578000068664551	0.0	0.0
FBLIM1	1.0	1.0	26.200000762939453	26.200000762939453	26.200000762939453	0.0	0.0
FBXO42	1.0	1.0	0.843999981880188	0.843999981880188	0.843999981880188	0.0	0.0
FBXO6	0.4778761061946903	0.4778761061946903	1.7109999656677246	1.7109999656677246	1.7109999656677246	0.0	0.0
FCGR2A	0.49179610933535756	0.48862008594620404	0.8880000243661925	1.7740000486373901	1.776000048732385	0.0	0.0
FCGR2B	0.5	0.5	0.0860000029206276	0.0860000029206276	0.0860000029206276	0.0	0.0
FCGR2C	1.0	1.0	8.751999855041504	8.751999855041504	8.751999855041504	0.0	0.0
FCGR3A	0.46	0.46	0.12399999797344208	0.12399999797344208	0.12399999797344208	0.0	0.0
FCGR3B	1.0	1.0	0.0020000000949949026	0.0020000000949949026	0.0020000000949949026	0.0	0.0
FCRL1	0.3111111111111111	0.3111111111111111	2.9059998989105225	2.9059998989105225	2.9059998989105225	0.0	0.0
FCRL3	1.0	1.0	0.00800000037997961	0.00800000037997961	0.00800000037997961	0.0	0.0
FCRL5	0.5222670307517822	0.4921170468366269	1.8315000371076167	8.279000282287598	10.9890002226457	0.0	0.0
FCRL6	0.5764582629151545	0.5137584688471231	9.957500010728836	33.0	39.830000042915344	0.0	1.0
FCRLA	0.5522388059701493	0.5522388059701493	0.6489999890327454	0.6489999890327454	0.6489999890327454	0.0	0.0
FCRLB	0.5687580862252406	0.6372772707518469	9.022999783356985	21.299999237060547	27.068999350070953	0.0	0.0
FGGY	0.41523114508781533	0.4052941176470588	8.817999839782715	10.15999984741211	17.63599967956543	0.0	0.0
FHAD1	0.9972196596225806	0.7779069767441861	10.373499770648777	21.5	41.49399908259511	0.0	0.0
FHL3	0.5507246376811594	0.5507246376811594	11.84000015258789	11.84000015258789	11.84000015258789	0.0	0.0
FLG	0.40453587199802193	0.4500501278549463	3.246022722667972	18.170000076293945	142.82499979739077	0.0	0.0
FLG2	0.4270114105079019	0.4187220063677082	0.04833333493055155	0.1420000046491623	0.14500000479165465	0.0	0.0
FLVCR1	0.6673331156273047	0.5942528735632184	12.434999942779541	14.739999771118164	24.869999885559082	0.0	0.0
FMN2	0.6190284566279236	0.712953995157385	4.255500018596649	7.75	17.022000074386597	0.0	0.0
FMO2	0.7596492614023531	0.5984496124031008	22.24333345890045	40.0	66.73000037670135	0.0	1.0
FMO3	0.4686792542051579	0.46179746179746184	7.325666586558024	8.821999549865723	21.976999759674072	0.0	0.0
FMOD	1.0	1.0	6.00600004196167	6.00600004196167	6.00600004196167	0.0	0.0
FNDC7	0.5919891822244134	0.582687338501292	12.392333348592123	18.280000686645508	37.17700004577637	0.0	0.0
FOXD2	1.0	1.0	18.110000610351562	18.110000610351562	18.110000610351562	0.0	0.0
FOXJ3	0.5909090909090909	0.5909090909090909	16.270000457763672	16.270000457763672	16.270000457763672	0.0	0.0
FOXO6	0.7291547934915079	0.7514285714285714	10.306333541870117	17.280000686645508	30.91900062561035	0.0	0.0
FPGT	0.5134601701403791	0.5118881118881119	6.894000053405762	7.083000183105469	13.788000106811523	0.0	0.0
FUCA1	0.5507685206252159	0.5511194029850747	12.173999786376953	15.989999771118164	24.347999572753906	0.0	0.0
FYB2	0.47996723436899036	0.4861898664715566	12.80750036239624	23.700000762939453	25.61500072479248	0.0	0.0
GABRD	0.5	0.5	10.350000381469727	10.350000381469727	10.350000381469727	0.0	0.0
GBP1	1.0	1.0	18.0	18.0	18.0	0.0	0.0
GBP2	1.0	1.0	11.498999834060669	16.059999465942383	22.997999668121338	0.0	0.0
GBP3	1.0	1.0	21.699999809265137	23.100000381469727	43.39999961853027	1.0	0.0
GBP4	1.0	1.0	0.3036666696037476	0.7039999961853027	2.7330000264337286	0.0	0.0
GBP6	0.6943605768848158	0.5756990632223106	7.702666749052393	19.31999969482422	46.21600049431436	0.0	0.0
GBP7	1.0	1.0	6.090000152587891	6.090000152587891	6.090000152587891	0.0	0.0
GFI1	0.6986549970564273	0.7727272727272727	13.575500011444092	18.0	27.151000022888184	0.0	0.0
GIPC2	0.5384615384615384	0.5384615384615384	11.460000038146973	11.460000038146973	11.460000038146973	0.0	0.0
GJA4	0.5186715725929624	0.5366959064327486	6.843666752179463	10.829999923706055	20.53100025653839	0.0	0.0
GJA8	0.6060606060606061	0.6060606060606061	2.5959999561309814	2.5959999561309814	2.5959999561309814	0.0	0.0
GJA9	1.0	1.0	0.8820000290870667	0.8820000290870667	0.8820000290870667	0.0	0.0
GLIS1	1.0	1.0	17.336666742960613	20.600000381469727	52.010000228881836	0.0	0.0
GLMP	0.4074074074074074	0.4074074074074074	21.299999237060547	21.299999237060547	21.299999237060547	0.0	0.0
GLRX2	1.0	1.0	2.63700008392334	2.63700008392334	2.63700008392334	0.0	0.0
GNAT2	0.48148148148148145	0.48148148148148145	5.715000152587891	5.715000152587891	5.715000152587891	0.0	0.0
GNG4	0.34615384615384615	0.34615384615384615	0.32899999618530273	0.32899999618530273	0.32899999618530273	0.0	0.0
GNPAT	0.3793103448275862	0.3793103448275862	3.4639999866485596	3.4639999866485596	3.4639999866485596	0.0	0.0
GON4L	0.43548387096774194	0.43548387096774194	0.019999999552965164	0.019999999552965164	0.019999999552965164	0.0	0.0
GORAB	1.0	1.0	13.079999923706055	13.079999923706055	13.079999923706055	0.0	0.0
GPATCH2	0.5238095238095238	0.5238095238095238	24.899999618530273	24.899999618530273	24.899999618530273	0.0	0.0
GPBP1L1	1.0	1.0	8.106500148773193	8.359000205993652	16.213000297546387	0.0	0.0
GPN2	1.0	1.0	18.049999237060547	18.049999237060547	18.049999237060547	0.0	0.0
GPR157	0.42105263157894735	0.42105263157894735	20.700000762939453	20.700000762939453	20.700000762939453	0.0	0.0
GPR161	0.6	0.6	0.014999999664723873	0.014999999664723873	0.014999999664723873	0.0	0.0
GPR37L1	1.0	1.0	3.0850000580151877	7.122000217437744	9.255000174045563	0.0	0.0
GPR61	0.47560975609756095	0.47560975609756095	1.312999963760376	1.312999963760376	1.312999963760376	0.0	0.0
GPR88	0.4444444444444444	0.4444444444444444	13.819999694824219	13.819999694824219	13.819999694824219	0.0	0.0
GPSM2	0.5357142857142857	0.5357142857142857	27.5	27.5	27.5	1.0	0.0
GPX7	0.517748497658488	0.5267045454545455	9.34250020980835	11.680000305175781	18.6850004196167	0.0	0.0
GRHL3	1.0	1.0	5.438000202178955	5.438000202178955	5.438000202178955	0.0	0.0
GSTM3	0.4444444444444444	0.4444444444444444	0.007000000216066837	0.007000000216066837	0.007000000216066837	0.0	0.0
GSTM4	0.5272727272727272	0.5272727272727272	2.187000036239624	2.187000036239624	2.187000036239624	0.0	0.0
GSTM5	0.46296296296296297	0.46296296296296297	0.014999999664723873	0.014999999664723873	0.014999999664723873	0.0	0.0
GTF2B	1.0	1.0	0.05299999937415123	0.05299999937415123	0.05299999937415123	0.0	0.0
GUCA2A	0.4117647058823529	0.4117647058823529	11.59000015258789	11.59000015258789	11.59000015258789	0.0	0.0
GUCA2B	0.48148148148148145	0.48148148148148145	0.023000000044703484	0.023000000044703484	0.023000000044703484	0.0	0.0
H3-4	1.0	1.0	6.410999774932861	6.410999774932861	6.410999774932861	0.0	0.0
H6PD	0.45777486661660216	0.47324152024240307	0.6099999967031181	2.2039999961853027	3.0499999835155904	0.0	0.0
HAO2	1.0	1.0	0.3889999985694885	0.3889999985694885	0.3889999985694885	0.0	0.0
HCRTR1	0.5550686401448147	0.4833512352309345	5.885000109672546	10.300000190734863	11.770000219345093	0.0	0.0
HDGF	1.0	1.0	1.1770000457763672	1.1770000457763672	1.1770000457763672	0.0	0.0
HEATR1	0.46647638781752093	0.4823021449833044	7.620466843495766	27.200000762939453	114.3070026524365	0.0	0.0
HECTD3	0.44206495550313657	0.4715762273901809	16.025333404541016	22.899999618530273	48.07600021362305	0.0	0.0
HES4	0.4827586206896552	0.4827586206896552	4.723999977111816	4.723999977111816	4.723999977111816	0.0	0.0
HEYL	1.0	1.0	18.200000762939453	18.200000762939453	18.200000762939453	0.0	0.0
HFM1	0.7343580721043129	0.6963718820861677	3.572285607457161	11.899999618530273	25.005999252200127	0.0	0.0
HHAT	0.575	0.575	5.013999938964844	5.013999938964844	5.013999938964844	0.0	0.0
HHIPL2	0.5083642069299297	0.5109231144442412	2.4476666574676833	5.257999897003174	7.3429999724030495	0.0	0.0
HIPK1	0.4675324675324675	0.4675324675324675	11.579999923706055	11.579999923706055	11.579999923706055	0.0	0.0
HIVEP3	0.945733941722255	0.855134156934005	5.151599916443229	14.029999732971191	51.51599916443229	0.0	0.0
HLX	0.43334596420636695	0.44502993750987474	17.93333339691162	21.799999237060547	53.80000019073486	0.0	0.0
HMCN1	1.0	1.0	18.489250421524048	24.600000381469727	73.95700168609619	0.0	0.0
HMGB4	0.4718744640536423	0.45938375350140054	10.779999732971191	15.149999618530273	21.559999465942383	0.0	0.0
HMGCL	0.4883720930232558	0.4883720930232558	8.595999717712402	8.595999717712402	8.595999717712402	0.0	0.0
HNRNPCL1	0.26218668046454835	0.26976428252355167	9.111727259375833	15.380000114440918	100.22899985313416	0.0	0.0
HORMAD1	0.32142857142857145	0.32142857142857145	0.3930000066757202	0.3930000066757202	0.3930000066757202	0.0	0.0
HPCAL4	0.5185185185185185	0.5185185185185185	13.319999694824219	13.319999694824219	13.319999694824219	0.0	0.0
HRNR	0.45056386088160766	0.5038888395404946	2.8288536939809736	17.780000686645508	115.98300145321991	0.0	0.0
HSD17B7	0.2857142857142857	0.2857142857142857	21.100000381469727	21.100000381469727	21.100000381469727	0.0	0.0
HSD3B1	0.5118557821387707	0.7528735632183908	3.155499901622534	6.232999801635742	6.310999803245068	0.0	0.0
HSPA6	0.5342829066454723	0.6491304347826087	10.120800018310547	21.899999618530273	50.604000091552734	0.0	0.0
HSPB7	1.0	1.0	5.977666657728453	13.579999923706055	17.93299997318536	0.0	0.0
HSPG2	0.6335383513520901	0.6944696387300507	8.712821413762867	24.299999237060547	243.9589995853603	0.0	0.0
HTR1D	0.4791666666666667	0.4791666666666667	0.40299999713897705	0.40299999713897705	0.40299999713897705	0.0	0.0
HYI	1.0	1.0	6.943999767303467	6.943999767303467	6.943999767303467	0.0	0.0
IBA57	1.0	1.0	6.360000133514404	6.360000133514404	6.360000133514404	0.0	0.0
ID3	1.0	1.0	0.1420000046491623	0.1420000046491623	0.1420000046491623	0.0	0.0
IER5	0.5308099600130789	0.6204380452011217	10.037000119686127	22.600000381469727	50.18500059843063	0.0	0.0
IFI16	1.0	1.0	0.15933333647747835	0.4090000092983246	0.47800000943243504	0.0	0.0
IFI44L	0.40454545481003484	0.45	0.010999999882187694	0.020999999716877937	0.02199999976437539	0.0	0.0
IGFN1	0.6050856384883947	0.560070969694147	4.417785821931569	20.600000381469727	61.849001507041976	0.0	0.0
IGSF3	0.5925925925925926	0.5925925925925926	0.0010000000474974513	0.0010000000474974513	0.0010000000474974513	0.0	0.0
IGSF9	0.3620689655172414	0.3620689655172414	0.07999999821186066	0.07999999821186066	0.07999999821186066	0.0	0.0
IKBKE	0.5535148459131848	0.6333976213436194	9.867000261942545	17.780000686645508	29.601000785827637	0.0	0.0
IL12RB2	0.5881723844176465	0.8181818181818182	0.48166665310661	1.090999960899353	1.44499995931983	0.0	0.0
IL19	0.45454545454545453	0.45454545454545453	2.1619999408721924	2.1619999408721924	2.1619999408721924	0.0	0.0
IL22RA1	0.3974311308818133	0.42546185075272647	4.464749991893768	12.869999885559082	17.858999967575073	0.0	0.0
IL23R	1.0	1.0	11.449999809265137	11.449999809265137	11.449999809265137	0.0	0.0
IL6R	0.5454545454545454	0.5454545454545454	14.75	14.75	14.75	0.0	0.0
ILDR2	0.5	0.5	22.0	22.0	22.0	0.0	0.0
INAVA	0.46911607595463223	0.4703282828282828	9.152999877929688	9.855999946594238	18.305999755859375	0.0	0.0
INKA2	0.5142857142857142	0.5142857142857142	6.53000020980835	6.53000020980835	6.53000020980835	0.0	0.0
INPP5B	0.4702378232245886	0.4685744210744211	16.445999717712404	25.399999618530273	82.22999858856201	0.0	0.0
INSL5	1.0	1.0	0.061000000685453415	0.061000000685453415	0.061000000685453415	0.0	0.0
INSRR	0.5641025641025641	0.5641025641025641	23.0	23.0	23.0	0.0	0.0
INTS11	1.0	1.0	2.782000045912961	8.156000137329102	8.346000137738883	0.0	0.0
INTS7	0.3181818181818182	0.3181818181818182	4.591000080108643	4.591000080108643	4.591000080108643	0.0	0.0
IPO13	0.5324675324675324	0.5324675324675324	0.29499998688697815	0.29499998688697815	0.29499998688697815	0.0	0.0
IPP	1.0	1.0	18.579999923706055	18.579999923706055	18.579999923706055	0.0	0.0
IQGAP3	1.0	1.0	12.866000080108643	23.5	64.33000040054321	0.0	0.0
IRF2BP2	0.5168868755227968	0.5087456900568447	9.991666952768961	13.180000305175781	29.975000858306885	0.0	0.0
ISG15	0.8935781210479437	0.7761904761904762	2.490000009536743	3.7960000038146973	4.980000019073486	0.0	0.0
ITGB3BP	1.0	1.0	1.434999942779541	1.434999942779541	1.434999942779541	0.0	0.0
ITLN1	0.5580553503797637	0.5633510381458233	7.779499962925911	15.329999923706055	15.558999925851822	0.0	0.0
ITLN2	0.5	0.5	0.0010000000474974513	0.0010000000474974513	0.0010000000474974513	0.0	0.0
ITPKB	1.0	1.0	4.953666647275289	10.079999923706055	14.860999941825867	0.0	0.0
JAK1	0.5177743759388158	0.49002849002849	0.5359999844804406	1.0579999685287476	1.0719999689608812	0.0	0.0
JMJD4	0.6510661925915374	0.6468409586056645	5.6163333257039385	7.754000186920166	16.848999977111816	0.0	0.0
KANK4	0.5876023324635166	0.5370977046889653	7.115555620855755	15.15999984741211	64.0400005877018	0.0	0.0
KAZN	0.5333333333333333	0.5333333333333333	18.1200008392334	18.1200008392334	18.1200008392334	0.0	0.0
KCNA10	1.0	1.0	2.8994999527931213	4.435999870300293	5.798999905586243	0.0	0.0
KCNAB2	1.0	1.0	0.7639999985694885	0.7639999985694885	0.7639999985694885	0.0	0.0
KCNC4	0.5	0.5	19.170000076293945	19.170000076293945	19.170000076293945	0.0	0.0
KCNH1	0.4838709677419355	0.4838709677419355	0.15299999713897705	0.15299999713897705	0.15299999713897705	0.0	0.0
KCNJ9	0.8620689655172413	0.8620689655172413	17.350000381469727	17.350000381469727	17.350000381469727	0.0	0.0
KCNN3	1.0	1.0	2.2635000348091125	3.2880001068115234	4.527000069618225	0.0	0.0
KCNQ4	0.5509498215795416	0.6116883116883116	9.409499764442444	14.979999542236328	18.818999528884888	0.0	0.0
KCNT2	1.0	1.0	6.605000019073486	6.605000019073486	6.605000019073486	0.0	0.0
KCTD3	0.6664758638117664	0.5680272108843537	8.788499733433127	17.559999465942383	17.576999466866255	0.0	0.0
KDM4A	0.5833333333333334	0.5833333333333334	13.4399995803833	13.4399995803833	13.4399995803833	0.0	0.0
KDM5B	0.5421749035746741	0.5139754398826979	2.9992499854415655	7.10099983215332	11.996999941766262	0.0	0.0
KIAA0754	0.5303867403314917	0.5303867403314917	2.4600000381469727	2.4600000381469727	2.4600000381469727	0.0	0.0
KIAA1522	0.5340909090909091	0.5340909090909091	0.9559999704360962	0.9559999704360962	0.9559999704360962	0.0	0.0
KIAA1614	0.8346306250332567	0.8733766233766234	8.583500161767006	17.110000610351562	34.334000647068024	0.0	0.0
KIAA2013	0.5065817726271467	0.5139127561136815	5.8063333829243975	6.980999946594238	17.419000148773193	0.0	0.0
KIF14	0.8122665578869925	0.6352981029810298	2.9857499599456787	7.486999988555908	11.942999839782715	0.0	0.0
KIF17	0.8726846786855776	0.7608695652173914	6.939250022172928	11.010000228881836	27.75700008869171	0.0	0.0
KIF1B	0.66	0.66	5.789999961853027	5.789999961853027	5.789999961853027	0.0	0.0
KIF26B	0.45421894742216373	0.6460459841220744	3.0226666356126466	6.040999889373779	9.06799990683794	0.0	0.0
KIF2C	0.5289384715559401	0.5534165231448708	12.725000222524008	21.100000381469727	38.17500066757202	0.0	0.0
KIFAP3	0.75	0.75	6.876999855041504	6.876999855041504	6.876999855041504	0.0	0.0
KIRREL1	0.4444444444444444	0.4444444444444444	1.0870000123977661	1.0870000123977661	1.0870000123977661	0.0	0.0
KLF17	0.4780689218521688	0.48538131261500717	5.661499887704849	10.989999771118164	11.322999775409698	0.0	0.0
KLHDC7A	0.7935710982190809	0.7921137527175819	3.7891428555761064	13.670000076293945	26.523999989032745	0.0	0.0
KLHDC8A	0.4666666666666667	0.4666666666666667	0.5410000085830688	0.5410000085830688	0.5410000085830688	0.0	0.0
KLHDC9	0.40625	0.40625	4.328000068664551	4.328000068664551	4.328000068664551	0.0	0.0
KLHL12	0.625	0.625	0.796999990940094	0.796999990940094	0.796999990940094	0.0	0.0
KLHL17	0.5623214444201904	0.6764782836211407	2.4883333841959634	6.14900016784668	7.465000152587891	0.0	0.0
KMO	1.0	1.0	6.636000156402588	6.636000156402588	6.636000156402588	0.0	0.0
KPRP	0.5128627821128663	0.5136718516258363	8.358800172805786	16.280000686645508	41.79400086402893	0.0	0.0
KYAT3	0.5714285714285714	0.5714285714285714	8.598999977111816	8.598999977111816	8.598999977111816	0.0	0.0
L1TD1	0.5330454973993188	0.6492967902410628	3.900833338499069	12.630000114440918	23.405000030994415	0.0	0.0
LACTBL1	0.43548387096774194	0.43548387096774194	22.899999618530273	22.899999618530273	22.899999618530273	0.0	0.0
LAMB3	0.9522992669883303	0.6484366719660838	1.577666699886322	4.308000087738037	4.733000099658966	0.0	0.0
LAMC1	1.0	1.0	5.669249874539673	14.949999809265137	45.35399899631739	0.0	0.0
LAMTOR5	0.5281995091186286	0.5	3.950000047683716	4.828000068664551	7.900000095367432	0.0	0.0
LAX1	0.44387659589234146	0.43773946360153254	0.6140000000596046	1.1759999990463257	1.2280000001192093	0.0	0.0
LBR	0.4540231686835505	0.4461988304093567	0.5593333290889859	1.2319999933242798	1.6779999872669578	0.0	0.0
LCE1C	0.5526315789473685	0.5526315789473685	25.399999618530273	25.399999618530273	25.399999618530273	0.0	0.0
LCE1D	0.42549268407215557	0.4881638990483825	6.878666718800862	17.420000076293945	20.636000156402588	0.0	0.0
LCE1E	0.5239442240202832	0.41631713216153443	3.4789999932050706	8.736000061035156	17.394999966025352	0.0	0.0
LCE1F	0.5734265734265734	0.5734265734265734	21.799999237060547	21.799999237060547	21.799999237060547	0.0	0.0
LCE5A	1.0	1.0	14.40999984741211	14.40999984741211	14.40999984741211	0.0	0.0
LDLRAD2	1.0	1.0	14.100000381469727	14.100000381469727	14.100000381469727	0.0	0.0
LDLRAP1	0.45963114235013985	0.46240179573512913	8.947999795277914	19.229999542236328	26.84399938583374	0.0	0.0
LEFTY1	0.5051546391752577	0.5051546391752577	0.9729999899864197	0.9729999899864197	0.9729999899864197	0.0	0.0
LEFTY2	0.47058823529411764	0.47058823529411764	26.5	26.5	26.5	0.0	0.0
LEXM	0.5610387554623713	0.5437687938523221	18.16450023651123	28.100000381469727	36.32900047302246	0.0	0.0
LGALS8	0.5086738668765507	0.4859731775076202	8.673374891281128	24.799999237060547	69.38699913024902	0.0	0.0
LGR6	0.6417994166274794	0.9050556498773816	4.305666642884414	16.5	25.83399985730648	0.0	0.0
LIN9	1.0	1.0	10.470000267028809	10.470000267028809	10.470000267028809	0.0	0.0
LIX1L	1.0	1.0	5.491000175476074	5.491000175476074	5.491000175476074	0.0	0.0
LMNA	0.5660377358490566	0.5660377358490566	8.604999542236328	8.604999542236328	8.604999542236328	0.0	0.0
LMOD1	0.5172413793103449	0.5172413793103449	3.7790000438690186	3.7790000438690186	3.7790000438690186	0.0	0.0
LMX1A	0.8537705465857026	0.7692307692307692	8.241000175476074	11.260000228881836	16.48200035095215	0.0	0.0
LORICRIN	0.5234873125724946	0.48479184367034833	6.039500117301941	9.54800033569336	12.079000234603882	0.0	0.0
LRIF1	0.48148148148148145	0.48148148148148145	12.619999885559082	12.619999885559082	12.619999885559082	0.0	0.0
LRIG2	1.0	1.0	2.796999931335449	2.796999931335449	2.796999931335449	0.0	0.0
LRP8	0.4149278084925694	0.5007845041089722	12.645000129938126	33.0	50.5800005197525	0.0	0.0
LRRC38	0.7457708610053375	0.8358208955223881	11.023666580518087	17.06999969482422	33.07099974155426	0.0	0.0
LRRC47	0.4827586206896552	0.4827586206896552	16.8700008392334	16.8700008392334	16.8700008392334	0.0	0.0
LRRC52	0.5394736842105263	0.5394736842105263	0.23100000619888306	0.23100000619888306	0.23100000619888306	0.0	0.0
LRRC8B	0.46153846153846156	0.46153846153846156	14.609999656677246	14.609999656677246	14.609999656677246	0.0	0.0
LRRC8C	1.0	1.0	20.5	20.5	20.5	0.0	0.0
LRRIQ3	1.0	1.0	0.013000000268220901	0.013000000268220901	0.013000000268220901	0.0	0.0
LRRN2	1.0	1.0	15.063499927520752	19.81999969482422	60.25399971008301	0.0	0.0
LUZP1	0.5113176716602614	0.48478754545610786	11.381999886284271	18.549999237060547	68.29199931770563	0.0	0.0
LYPLAL1	1.0	1.0	12.410000324249268	16.020000457763672	24.820000648498535	0.0	0.0
LYST	0.5399441000816179	0.49731060606060606	3.282999999821186	8.196000099182129	13.131999999284744	0.0	0.0
MACF1	0.5127112601743177	0.5084497680287768	14.973000144958496	21.0	74.86500072479248	0.0	0.0
MAEL	0.45224658702537324	0.49580712788259956	6.016999930143356	11.119999885559082	12.033999860286713	0.0	0.0
MAP3K6	0.5555555555555556	0.5555555555555556	11.84000015258789	11.84000015258789	11.84000015258789	0.0	0.0
MAP7D1	1.0	1.0	0.09700000286102295	0.09700000286102295	0.09700000286102295	0.0	0.0
MASP2	1.0	1.0	13.17300021648407	24.600000381469727	26.34600043296814	0.0	0.0
MAST2	1.0	1.0	10.5	10.5	10.5	0.0	0.0
MCOLN3	1.0	1.0	0.05400000140070915	0.05400000140070915	0.05400000140070915	0.0	0.0
MECR	1.0	1.0	10.241000175476074	14.3100004196167	20.48200035095215	0.0	0.0
MED8	1.0	1.0	11.270000457763672	11.270000457763672	11.270000457763672	0.0	0.0
MEF2D	1.0	1.0	6.421000003814697	6.421000003814697	6.421000003814697	0.0	0.0
MEGF6	1.0	1.0	5.303600060939789	15.020000457763672	26.518000304698944	0.0	0.0
MFAP2	1.0	1.0	0.7609999775886536	0.7609999775886536	0.7609999775886536	0.0	0.0
MIA3	0.6799084383067444	0.8918918918918919	5.951000224798918	17.6200008392334	23.80400089919567	0.0	0.0
MIB2	1.0	1.0	6.978999853134155	9.454999923706055	13.95799970626831	0.0	0.0
MIIP	0.7402419009699543	0.7634408602150538	13.460000038146973	14.779999732971191	26.920000076293945	0.0	0.0
MINDY1	1.0	1.0	10.842000007629395	15.09000015258789	21.68400001525879	0.0	0.0
MMEL1	1.0	1.0	0.6689999997615814	1.125	1.3379999995231628	0.0	0.0
MNDA	1.0	1.0	0.35100001096725464	0.35100001096725464	0.35100001096725464	0.0	0.0
MOB3C	1.0	1.0	0.21400000154972076	0.21400000154972076	0.21400000154972076	0.0	0.0
MOV10	0.5208514146071392	0.506554109754747	5.360600057244301	9.833000183105469	26.803000286221504	0.0	0.0
MPC2	0.391304347826087	0.391304347826087	8.87399959564209	8.87399959564209	8.87399959564209	0.0	0.0
MROH7	0.5045941058168307	0.5436462804178962	9.52887486293912	23.0	76.23099890351295	0.0	0.0
MROH9	0.624163547101935	0.7611111111111112	0.8899999810382724	2.98799991607666	3.5599999241530895	0.0	0.0
MRPL37	1.0	1.0	9.28499984741211	9.28499984741211	9.28499984741211	0.0	0.0
MRPS15	1.0	1.0	5.946000099182129	5.946000099182129	5.946000099182129	0.0	0.0
MRPS21	1.0	1.0	15.920000076293945	15.920000076293945	15.920000076293945	0.0	0.0
MRTO4	0.5551898142770492	0.5255744996293551	4.290999889373779	6.739999771118164	8.581999778747559	0.0	0.0
MSH4	1.0	1.0	6.429499864578247	6.5929999351501465	12.858999729156494	0.0	0.0
MST1L	0.3664998554845098	0.4197864247219245	12.408727299083363	17.559999465942383	136.496000289917	0.0	0.0
MSTO1	0.4726752027951075	0.7081659973226238	5.205000013113022	14.960000038146973	15.615000039339066	0.0	0.0
MTARC1	1.0	1.0	7.098999977111816	7.098999977111816	7.098999977111816	0.0	0.0
MTHFR	0.33867198851264496	0.646551724137931	15.124999642372131	28.299999237060547	30.249999284744263	0.0	0.0
MTMR11	0.5633802816901409	0.5633802816901409	10.100000381469727	10.100000381469727	10.100000381469727	0.0	0.0
MTOR	1.0	1.0	2.1036667029062905	2.7880001068115234	6.311000108718872	0.0	0.0
MTR	0.45614035087719296	0.45614035087719296	22.700000762939453	22.700000762939453	22.700000762939453	0.0	0.0
MUC1	0.6917568942034177	0.7051561365286856	4.824999988079071	8.850000381469727	43.42499989271164	0.0	0.0
MUTYH	1.0	1.0	13.539999961853027	13.539999961853027	13.539999961853027	0.0	0.0
MYBPHL	0.5306836248012718	0.7567567567567568	10.625	20.5	21.25	0.0	0.0
MYCL	0.52	0.52	18.270000457763672	18.270000457763672	18.270000457763672	0.0	0.0
MYOC	0.4375	0.4375	16.860000610351562	16.860000610351562	16.860000610351562	0.0	0.0
MYOM3	0.5401812507699784	0.5297598346816078	13.153384493377347	28.299999237060547	170.9939984139055	0.0	0.0
MYSM1	0.5278670646262449	0.4865396825396825	8.280800014734268	18.760000228881836	41.40400007367134	0.0	0.0
NADK	1.0	1.0	6.860000133514404	6.860000133514404	6.860000133514404	0.0	0.0
NAV1	0.4909090909090909	0.4909090909090909	10.329999923706055	10.329999923706055	10.329999923706055	0.0	0.0
NAXE	1.0	1.0	7.875750046223402	13.079999923706055	31.503000184893608	0.0	0.0
NBPF1	0.34432206656712616	0.48607626699336026	3.9877500776201487	16.360000610351562	31.90200062096119	0.0	0.0
NBPF10	0.5709128986794374	0.5985728258723229	3.5595454478805717	11.850000381469727	39.15499992668629	0.0	0.0
NBPF11	0.36363334095604966	0.37660031225604995	11.257666746775309	14.100000381469727	33.77300024032593	0.0	0.0
NBPF12	0.36481009185521085	0.5007300081314637	6.547749956138432	16.829999923706055	52.381999649107456	0.0	0.0
NBPF14	0.3703813567691574	0.44747824588610313	7.79333359003067	16.040000915527344	23.38000077009201	0.0	0.0
NBPF15	0.5436893203883495	0.5436893203883495	1.6549999713897705	1.6549999713897705	1.6549999713897705	0.0	0.0
NBPF19	0.5172413793103449	0.5172413793103449	13.100000381469727	13.100000381469727	13.100000381469727	0.0	0.0
NBPF20	0.7514257065632911	0.8333333333333334	5.318999978403251	14.789999961853027	15.956999935209751	0.0	0.0
NBPF26	0.4929640923206371	0.7911495155799947	3.14883337294062	11.430000305175781	18.89300023764372	0.0	0.0
NBPF3	0.4381524780333005	0.55801199161447	5.114875137340277	16.440000534057617	40.91900109872222	0.0	0.0
NBPF6	0.3950617283950617	0.3950617283950617	17.790000915527344	17.790000915527344	17.790000915527344	0.0	1.0
NBPF7	0.7141924116421599	0.8182185937040307	4.857000112533569	7.703000068664551	14.571000337600708	0.0	0.0
NBPF8	0.5908646167686608	0.6692422780676185	3.36516674910672	12.520000457763672	40.38200098928064	0.0	0.0
NBPF9	0.3834843246757774	0.42159288088699853	5.375999928585121	17.59000015258789	37.631999500095844	0.0	0.0
NCF2	0.3958333333333333	0.3958333333333333	16.600000381469727	16.600000381469727	16.600000381469727	0.0	0.0
NDUFS2	0.5932203389830508	0.5932203389830508	26.799999237060547	26.799999237060547	26.799999237060547	1.0	0.0
NECTIN4	0.5	0.5	21.899999618530273	21.899999618530273	21.899999618530273	0.0	0.0
NEGR1	1.0	1.0	3.4730000495910645	3.4730000495910645	3.4730000495910645	0.0	0.0
NEK2	0.5714285714285714	0.5714285714285714	0.07999999821186066	0.07999999821186066	0.07999999821186066	0.0	0.0
NENF	0.4716981132075472	0.4716981132075472	0.07400000095367432	0.07400000095367432	0.07400000095367432	0.0	0.0
NES	0.9003721237663981	0.7622811377016591	2.445142885936158	12.130000114440918	17.116000201553106	0.0	0.0
NFASC	0.7547882378963997	0.6219205630970337	9.398667017618815	16.450000762939453	28.196001052856445	0.0	0.0
NFYC	1.0	1.0	10.270000457763672	10.270000457763672	10.270000457763672	0.0	0.0
NIBAN1	0.3939393939393939	0.3939393939393939	16.84000015258789	16.84000015258789	16.84000015258789	0.0	0.0
NID1	0.44199964235909206	0.41073608930751787	0.5346666621044278	0.9440000057220459	1.6039999863132834	0.0	0.0
NLRP3	1.0	1.0	3.1019999980926514	3.1019999980926514	3.1019999980926514	0.0	0.0
NME7	0.36363636363636365	0.36363636363636365	15.15999984741211	15.15999984741211	15.15999984741211	0.0	0.0
NOC2L	0.7050455862180823	0.8695652173913043	3.7885001245886087	8.567000389099121	15.154000498354435	0.0	0.0
NOL9	1.0	1.0	15.730000178019205	21.200000762939453	47.19000053405762	0.0	0.0
NOS1AP	0.43859649122807015	0.43859649122807015	3.6559998989105225	3.6559998989105225	3.6559998989105225	0.0	0.0
NOTCH2	0.9510504521556926	0.765	7.244499742984772	12.979999542236328	14.488999485969543	0.0	0.0
NPHP4	0.4805900323160358	0.4568713039800891	7.673999999960263	23.600000381469727	46.04399999976158	0.0	0.0
NPHS2	0.9123712226102423	0.7933333333333333	0.39149998873472214	0.6169999837875366	0.7829999774694443	0.0	0.0
NPPA	0.6153846153846154	0.6153846153846154	12.65999984741211	12.65999984741211	12.65999984741211	0.0	1.0
NR1I3	0.5238095238095238	0.5238095238095238	9.001999855041504	9.001999855041504	9.001999855041504	0.0	0.0
NR5A2	0.5370370370370371	0.5370370370370371	0.028999999165534973	0.028999999165534973	0.028999999165534973	0.0	0.0
NRDC	0.5470782586152155	0.4919191919191919	10.806999762852987	17.479999542236328	32.42099928855896	0.0	0.0
NSL1	0.6111410123418061	0.8362573099415206	2.5096666657288247	5.960000038146973	7.5289999971864745	0.0	0.0
NTNG1	1.0	1.0	6.730999946594238	6.730999946594238	6.730999946594238	0.0	0.0
NTRK1	1.0	1.0	3.7720000743865967	3.7720000743865967	3.7720000743865967	0.0	0.0
NUAK2	0.9741224460632391	0.7470588235294118	3.1864999681711197	6.046999931335449	6.372999936342239	0.0	0.0
NUF2	0.5	0.5	6.959000110626221	6.959000110626221	6.959000110626221	0.0	0.0
NUP210L	0.391794672194881	0.6891891891891893	12.162499606609344	23.799999237060547	24.32499921321869	0.0	0.0
NVL	1.0	1.0	4.873999834060669	7.3979997634887695	9.747999668121338	0.0	0.0
OBSCN	0.9905498538752342	0.9861770571961654	7.0305454845568445	21.700000762939453	232.00800099037588	0.0	0.0
ODF2L	0.9078781845072159	0.8414634146341463	4.0424999594688416	6.48199987411499	16.169999837875366	0.0	0.0
ODR4	1.0	1.0	11.100000381469727	11.100000381469727	11.100000381469727	0.0	0.0
OLFML2B	0.5964468572733417	0.5163100384619371	9.797999759515127	21.299999237060547	29.39399927854538	0.0	0.0
OPRD1	1.0	1.0	13.579999923706055	13.579999923706055	13.579999923706055	0.0	0.0
OR10J1	0.5813121572227135	0.7133838383838383	14.180666653982675	27.899999618530273	42.54199996194802	0.0	1.0
OR10J5	0.5324675324675324	0.5324675324675324	4.066999912261963	4.066999912261963	4.066999912261963	0.0	0.0
OR10K2	0.48302184450908653	0.4715686274509804	4.0350000858306885	4.997000217437744	8.070000171661377	0.0	0.0
OR10R2	0.4972016961298137	0.5081128747795415	7.91333336631457	21.0	23.74000009894371	0.0	0.0
OR10T2	0.5124160246557694	0.512677798392084	9.558499813079834	10.569999694824219	19.116999626159668	0.0	0.0
OR10X1	0.36167089395338886	0.3830635551142006	11.996749952435493	35.0	47.986999809741974	0.0	1.0
OR11L1	0.6089311020710746	0.5872556731471708	6.403714290687016	19.100000381469727	44.82600003480911	0.0	0.0
OR13G1	0.6268656716417911	0.6268656716417911	9.496000289916992	9.496000289916992	9.496000289916992	0.0	0.0
OR14A16	0.7338129228133693	0.6935208866155159	4.626333336035411	7.125999927520752	13.879000008106232	0.0	0.0
OR14C36	0.9753274258201299	0.906060606060606	9.823199939727782	18.709999084472656	49.115999698638916	0.0	0.0
OR14I1	0.5482834264748522	0.6339551741493461	7.327142640948296	20.299999237060547	51.28999848663807	0.0	0.0
OR1C1	0.9310886719829846	0.8523809523809524	4.239333351453145	6.9730000495910645	12.718000054359436	0.0	0.0
OR2AK2	1.0	1.0	16.610000610351562	16.610000610351562	16.610000610351562	0.0	0.0
OR2B11	0.527439715294125	0.5745504912329782	11.479571480836187	24.899999618530273	80.35700036585331	0.0	0.0
OR2C3	1.0	1.0	5.0954999923706055	8.993000030517578	10.190999984741211	0.0	0.0
OR2G2	0.6360441873488026	0.6439432622926119	10.027499831223395	19.209999084472656	40.10999932489358	0.0	0.0
OR2G3	0.9296070746402527	0.6914893617021276	9.825999975204468	17.40999984741211	19.651999950408936	0.0	0.0
OR2G6	1.0	1.0	0.22599999606609344	0.22599999606609344	0.22599999606609344	0.0	0.0
OR2L3	0.494949494949495	0.494949494949495	0.014000000432133675	0.014000000432133675	0.014000000432133675	0.0	0.0
OR2L8	1.0	1.0	9.761333433911204	33.0	87.85200090520084	0.0	1.0
OR2M2	1.0	1.0	5.0676666249831515	13.869999885559082	15.202999874949455	0.0	0.0
OR2M3	1.0	1.0	0.47200000286102295	0.47200000286102295	0.47200000286102295	0.0	0.0
OR2M4	0.5397555826013135	0.753968253968254	10.322499752044678	19.309999465942383	20.644999504089355	0.0	0.0
OR2M7	1.0	1.0	12.709749817848206	19.520000457763672	50.83899927139282	0.0	0.0
OR2T1	1.0	1.0	3.747999906539917	3.747999906539917	3.747999906539917	0.0	0.0
OR2T10	1.0	1.0	9.82800006866455	9.82800006866455	9.82800006866455	0.0	0.0
OR2T11	1.0	1.0	4.662500023841858	6.360000133514404	9.325000047683716	0.0	0.0
OR2T12	0.9925828354320027	0.9808510638297872	3.7538001028820873	12.390000343322754	18.769000514410436	0.0	0.0
OR2T27	0.5484778485291535	0.6434120813397128	5.782749950885773	22.899999618530273	46.26199960708618	0.0	0.0
OR2T29	0.2819935237303475	0.39038328580070863	2.9343332373537123	10.979999542236328	17.605999424122274	0.0	0.0
OR2T3	0.23118279569892472	0.23118279569892472	3.5309998989105225	3.5309998989105225	3.5309998989105225	0.0	0.0
OR2T33	0.901402159696658	0.6775829089844894	4.709000015258789	15.920000076293945	23.545000076293945	0.0	0.0
OR2T34	0.25257682359322375	0.3609526276192943	8.845000001291433	19.610000610351562	53.070000007748604	0.0	0.0
OR2T35	0.7387655226797262	0.8292587364326495	4.552166715419541	23.100000381469727	27.313000292517245	0.0	0.0
OR2T5	1.0	1.0	3.9560000896453857	3.9560000896453857	3.9560000896453857	0.0	0.0
OR2T6	1.0	1.0	0.3799999952316284	0.3799999952316284	0.3799999952316284	0.0	0.0
OR2T7	0.3398212647096926	0.4256394887865287	5.64249986410141	13.9399995803833	22.56999945640564	0.0	0.0
OR2T8	0.6477691182826878	0.6991446879200102	4.7346000420550505	23.5	71.01900063082576	0.0	0.0
OR2W3	1.0	1.0	8.61840000152588	15.170000076293945	43.092000007629395	0.0	0.0
OR2W5	1.0	1.0	9.774499893188477	12.399999618530273	19.548999786376953	0.0	0.0
OR6F1	0.5600031342938656	0.5268295212111921	2.3085000440478325	6.326000213623047	9.23400017619133	0.0	0.0
OR6K3	0.34375	0.34375	0.11800000071525574	0.11800000071525574	0.11800000071525574	0.0	0.0
OR6N1	0.45298595837904904	0.5249207734978133	9.839833239714304	19.420000076293945	59.03899943828583	0.0	0.0
OR6N2	0.4868421052631579	0.4868421052631579	1.3839999437332153	1.3839999437332153	1.3839999437332153	0.0	0.0
OR6P1	0.5185088093629552	0.5115740740740741	4.052999973297119	4.986999988555908	8.105999946594238	0.0	0.0
ORC1	0.5945945945945946	0.5945945945945946	20.899999618530273	20.899999618530273	20.899999618530273	0.0	0.0
OSCP1	0.35541770664898203	0.37142857142857144	0.9730000272393227	1.7000000476837158	1.9460000544786453	0.0	0.0
OVGP1	0.44609894963211005	0.4932843679813776	2.874000107869506	8.42300033569336	11.496000431478024	0.0	0.0
OXCT2	1.0	1.0	0.9829999804496765	0.9829999804496765	0.9829999804496765	0.0	0.0
P3H1	0.42857142857142855	0.42857142857142855	19.25	19.25	19.25	0.0	0.0
PADI1	0.8241460553209021	0.8095238095238096	5.414666652679443	7.171999931335449	16.24399995803833	0.0	0.0
PADI2	0.46875437296494943	0.4612089103539672	3.8076000344008207	8.163000106811523	19.038000172004104	0.0	0.0
PADI3	0.38095238095238093	0.38095238095238093	10.520000457763672	10.520000457763672	10.520000457763672	0.0	0.0
PADI4	0.5657063220303472	0.5067926791312731	6.1170001796912405	17.1200008392334	30.5850008984562	0.0	0.0
PADI6	0.39728866479686614	0.4379166666666666	0.693999981507659	1.3639999628067017	1.387999963015318	0.0	0.0
PANK4	0.6027005573851516	0.696969696969697	13.546000003814697	17.760000228881836	27.092000007629395	0.0	0.0
PAPPA2	0.4446753156099451	0.4625237191650854	2.9835000783205032	5.478000164031982	5.9670001566410065	0.0	0.0
PARP1	0.45097957624641105	0.4566407429779523	10.999249771237373	25.799999237060547	43.99699908494949	0.0	0.0
PATJ	0.710209756715627	0.6768004381239676	5.606899905204773	24.799999237060547	56.06899905204773	0.0	0.0
PAX7	0.42857142857142855	0.42857142857142855	0.24799999594688416	0.24799999594688416	0.24799999594688416	0.0	0.0
PCSK9	1.0	1.0	4.311750065535307	8.868000030517578	17.247000262141228	0.0	0.0
PDE4B	0.5394142811649651	0.5298380221653879	6.12250018119812	6.866000175476074	12.24500036239624	0.0	0.0
PDE4DIP	0.5020868386544494	0.6021577653930595	12.536999891201654	23.600000381469727	75.22199934720993	0.0	0.0
PDPN	1.0	1.0	6.413000106811523	6.413000106811523	6.413000106811523	0.0	0.0
PEAR1	0.7323583587082818	0.7586206896551724	21.645000457763672	24.0	43.290000915527344	0.0	0.0
PEF1	0.42857142857142855	0.42857142857142855	4.835000038146973	4.835000038146973	4.835000038146973	0.0	0.0
PER3	0.5224821205102061	0.6394427394427394	3.929333321750164	12.1899995803833	23.575999930500984	0.0	0.0
PERM1	0.9265924098662807	0.777915600490961	3.2916666381061077	13.949999809265137	19.749999828636646	1.0	1.0
PEX10	0.45588235294117646	0.45588235294117646	0.017000000923871994	0.017000000923871994	0.017000000923871994	0.0	0.0
PEX14	0.4	0.4	13.079999923706055	13.079999923706055	13.079999923706055	0.0	0.0
PFKFB2	0.3953488372093023	0.3953488372093023	8.354000091552734	8.354000091552734	8.354000091552734	0.0	0.0
PGBD2	0.5072463768115942	0.5072463768115942	6.671000003814697	6.671000003814697	6.671000003814697	0.0	0.0
PGBD5	0.6896551724137931	0.6896551724137931	10.520000457763672	10.520000457763672	10.520000457763672	0.0	0.0
PGLYRP3	1.0	1.0	24.299999237060547	24.299999237060547	24.299999237060547	0.0	0.0
PGLYRP4	0.8604945306151415	0.8641304347826086	6.231249928474426	11.119999885559082	24.924999713897705	0.0	0.0
PHACTR4	0.5121951219512195	0.5121951219512195	8.96399974822998	8.96399974822998	8.96399974822998	0.0	0.0
PHC2	0.4635767851319304	0.47744360902255634	10.726500272750854	13.770000457763672	21.45300054550171	0.0	0.0
PHLDA3	0.5384615384615384	0.5384615384615384	27.0	27.0	27.0	0.0	0.0
PI4KB	0.42857142857142855	0.42857142857142855	7.76800012588501	7.76800012588501	7.76800012588501	0.0	0.0
PIFO	0.5111111111111111	0.5111111111111111	1.9010000228881836	1.9010000228881836	1.9010000228881836	0.0	0.0
PIGC	1.0	1.0	8.843000411987305	8.843000411987305	8.843000411987305	0.0	0.0
PIGK	1.0	1.0	8.529000282287598	8.529000282287598	8.529000282287598	0.0	0.0
PIK3C2B	0.6884761836734542	0.7417027417027418	4.334857107805354	8.348999977111816	30.34399975463748	0.0	0.0
PIK3CD	0.5531914893617021	0.5531914893617021	5.357999801635742	5.357999801635742	5.357999801635742	0.0	0.0
PINK1	0.5245901639344263	0.5245901639344263	11.920000076293945	11.920000076293945	11.920000076293945	0.0	0.0
PIP5K1A	0.4482758620689655	0.4482758620689655	1.2120000123977661	1.2120000123977661	1.2120000123977661	0.0	0.0
PKLR	0.5263157894736842	0.5263157894736842	8.920999526977539	8.920999526977539	8.920999526977539	0.0	0.0
PLA2G2C	0.44776119402985076	0.44776119402985076	7.191999912261963	7.191999912261963	7.191999912261963	0.0	0.0
PLA2G2E	0.55	0.55	8.217000007629395	8.217000007629395	8.217000007629395	0.0	0.0
PLA2G4A	1.0	1.0	18.190000534057617	18.190000534057617	18.190000534057617	0.0	0.0
PLA2G5	0.6111111111111112	0.6111111111111112	7.485000133514404	7.485000133514404	7.485000133514404	0.0	0.0
PLCH2	0.531958598734958	0.7432255244755245	9.490999832749367	21.299999237060547	37.96399933099747	0.0	0.0
PLD5	0.40384615384615385	0.40384615384615385	14.59000015258789	14.59000015258789	14.59000015258789	0.0	0.0
PLEKHA6	0.48565078042427423	0.45359848484848486	9.76600015287598	17.360000610351562	29.29800045862794	0.0	0.0
PLEKHN1	0.5451197965997816	0.5416666666666666	7.183500051498413	7.630000114440918	14.367000102996826	0.0	0.0
PLK3	0.5	0.5	0.460999995470047	0.460999995470047	0.460999995470047	0.0	0.0
PLPP3	0.4358974358974359	0.4358974358974359	12.069999694824219	12.069999694824219	12.069999694824219	0.0	0.0
PLPPR5	0.509090909090909	0.509090909090909	6.928999900817871	6.928999900817871	6.928999900817871	0.0	0.0
PLXNA2	1.0	1.0	11.525333404541016	24.600000381469727	34.57600021362305	0.0	0.0
PM20D1	0.9851309983204921	0.7463768115942029	7.010499835014343	13.609999656677246	14.020999670028687	0.0	0.0
PMF1	0.5859401939833598	0.588060502259549	18.733333269755047	23.600000381469727	56.19999980926514	0.0	0.0
PODN	0.5196987245465206	0.6350037327360956	8.400499865412712	14.149999618530273	33.60199946165085	0.0	0.0
POMGNT1	1.0	1.0	13.113000392913818	18.030000686645508	26.226000785827637	0.0	0.0
PPFIA4	0.6931107701187159	0.6560663739179883	14.563500165939331	23.600000381469727	58.254000663757324	0.0	0.0
PPIAL4G	0.43442362563400183	0.4473052975400633	7.677000045776367	13.630000114440918	15.354000091552734	0.0	0.0
PPIE	0.4375	0.4375	11.100000381469727	11.100000381469727	11.100000381469727	0.0	0.0
PPIH	0.4827586206896552	0.4827586206896552	12.699999809265137	12.699999809265137	12.699999809265137	0.0	0.0
PPM1J	0.6606587958494232	0.7045454545454546	16.089999675750732	18.479999542236328	32.179999351501465	0.0	0.0
PPP1R15B	0.4772727272727273	0.4772727272727273	7.4120001792907715	7.4120001792907715	7.4120001792907715	0.0	0.0
PRAMEF1	0.359991531049521	0.34221874185725515	1.4467777729862266	7.7179999351501465	13.02099995687604	0.0	0.0
PRAMEF10	0.41694339826832943	0.32425783367120065	4.534857010003179	22.799999237060547	31.743999070022255	0.0	1.0
PRAMEF11	0.6756329345638585	0.5782330922122574	0.6569999963976443	1.2599999904632568	2.627999985590577	0.0	0.0
PRAMEF12	0.49260529948643506	0.47988505747126436	0.29649999737739563	0.48399999737739563	0.5929999947547913	0.0	0.0
PRAMEF13	0.9955492461686766	0.8928679653679655	1.4355999964755028	5.401000022888184	14.355999964755028	0.0	0.0
PRAMEF15	0.20500536744960524	0.2447094522437093	6.636333367476861	16.75	19.909000102430582	0.0	0.0
PRAMEF17	0.5320851176885883	0.5441596773776591	2.1376249827444553	9.532999992370605	17.100999861955643	0.0	0.0
PRAMEF18	0.7649414927443974	0.777495266248029	2.7116666194827608	16.549999237060547	65.07999886758626	0.0	0.0
PRAMEF19	0.39558893882713225	0.38152881952108436	1.3485454572576352	6.455999851226807	29.668000059667975	0.0	0.0
PRAMEF2	0.29041007712415035	0.2970419152363795	6.01542845581259	26.299999237060547	42.10799919068813	0.0	1.0
PRAMEF20	0.46673279721843314	0.5010639092130804	0.809499996714294	1.6069999933242798	1.618999993428588	0.0	0.0
PRAMEF27	0.979702407180717	0.9859669089080852	2.3176666456792088	5.263000011444092	20.85899981111288	0.0	0.0
PRAMEF33	0.6160742206386574	0.6535104174042744	4.439571538141796	21.200000762939453	31.07700076699257	0.0	1.0
PRAMEF4	0.2519507902411495	0.27158620662929817	4.30974979326129	16.3799991607666	17.23899917304516	0.0	0.0
PRAMEF5	0.7430310805434227	0.6779018441626455	4.205200198665262	18.540000915527344	21.026000993326306	0.0	0.0
PRAMEF6	0.4745366211212385	0.47976046570274783	13.926999926567078	20.899999618530273	41.78099977970123	0.0	0.0
PRAMEF7	0.5835435987993665	0.7060781133504428	5.340399950742722	18.0	26.701999753713608	0.0	0.0
PRAMEF8	0.6164442587149683	0.6943595620066209	6.130499854683876	17.209999084472656	24.521999418735504	0.0	0.0
PRCC	1.0	1.0	22.299999237060547	22.299999237060547	22.299999237060547	0.0	0.0
PRDM16	0.7145006163434791	0.6600189933523267	11.361000100771586	19.200000762939453	34.08300030231476	0.0	0.0
PRDM2	0.4423076923076923	0.4423076923076923	0.3700000047683716	0.3700000047683716	0.3700000047683716	0.0	0.0
PRELP	0.5555555555555556	0.5555555555555556	4.288000106811523	4.288000106811523	4.288000106811523	0.0	0.0
PRG4	0.9975349737189974	0.9952038369304557	11.85700019200643	27.200000762939453	35.57100057601929	0.0	0.0
PRKCZ	0.48430614395725685	0.45570175438596494	0.4220000058412552	0.6200000047683716	0.8440000116825104	0.0	0.0
PRRC2C	0.81246222921639	0.884573962622743	9.840428480080195	18.90999984741211	68.88299936056137	0.0	0.0
PRSS38	1.0	1.0	2.6589999198913574	2.6589999198913574	2.6589999198913574	0.0	0.0
PRUNE1	1.0	1.0	4.807000160217285	4.807000160217285	4.807000160217285	0.0	0.0
PSEN2	1.0	1.0	2.192000032713016	5.361000061035156	6.576000098139048	0.0	0.0
PSMB4	1.0	1.0	6.0329999923706055	6.0329999923706055	6.0329999923706055	0.0	0.0
PSMD4	0.4842105263157895	0.4842105263157895	1.9479999542236328	1.9479999542236328	1.9479999542236328	0.0	0.0
PTBP2	0.5454545454545454	0.5454545454545454	6.1620001792907715	6.1620001792907715	6.1620001792907715	0.0	0.0
PTCH2	0.6265894120500445	0.6159244406922753	9.654250163584948	22.200000762939453	38.61700065433979	0.0	0.0
PTGFR	0.5454545454545454	0.5454545454545454	6.900000095367432	6.900000095367432	6.900000095367432	0.0	0.0
PTGFRN	0.8120595136717506	0.8358208955223881	9.364666859308878	17.18000030517578	28.094000577926636	0.0	0.0
PTPN14	0.4430841853326265	0.44894598155467724	4.4649999141693115	5.193999767303467	8.929999828338623	0.0	0.0
PTPN22	0.7481500146132264	0.7272727272727273	14.434999942779541	15.539999961853027	28.869999885559082	0.0	0.0
PTPRF	0.9013605215267357	0.9533333333333334	3.967444452974531	9.857000350952148	35.70700007677078	0.0	0.0
PTPRU	0.5068493150684932	0.5068493150684932	1.690999984741211	1.690999984741211	1.690999984741211	0.0	0.0
PUM1	0.47368421052631576	0.47368421052631576	1.003000020980835	1.003000020980835	1.003000020980835	0.0	0.0
QSOX1	0.4875615132675695	0.568235294117647	9.68720003515482	27.600000381469727	48.4360001757741	0.0	0.0
RABGGTB	1.0	1.0	9.883999824523926	9.883999824523926	9.883999824523926	0.0	0.0
RAP1GAP	0.625	0.625	1.5180000066757202	1.5180000066757202	1.5180000066757202	0.0	0.0
RASSF5	1.0	1.0	5.823999881744385	5.823999881744385	5.823999881744385	0.0	0.0
RBBP4	1.0	1.0	6.0329999923706055	6.0329999923706055	6.0329999923706055	0.0	0.0
RBM15	0.7709905488437476	0.78	14.28499984741211	14.869999885559082	28.56999969482422	0.0	0.0
RCAN3	0.43478260869565216	0.43478260869565216	0.06800000369548798	0.06800000369548798	0.06800000369548798	0.0	0.0
RCC1	0.5	0.5	2.5350000858306885	2.5350000858306885	2.5350000858306885	0.0	0.0
RERE	0.4779125991807607	0.47439985016177644	0.38340001022443176	1.3220000267028809	1.9170000511221588	0.0	0.0
RFX5	1.0	1.0	3.1029999256134033	3.1029999256134033	3.1029999256134033	0.0	0.0
RGS16	1.0	1.0	13.699999809265137	13.699999809265137	13.699999809265137	0.0	0.0
RGSL1	0.4943820224719101	0.4943820224719101	6.986999988555908	6.986999988555908	6.986999988555908	0.0	0.0
RHBDL2	1.0	1.0	22.299999237060547	22.299999237060547	22.299999237060547	0.0	0.0
RHBG	1.0	1.0	29.799999237060547	29.799999237060547	29.799999237060547	1.0	0.0
RHCE	0.5049999952316284	0.5049999952316284	1.7690000534057617	1.7690000534057617	1.7690000534057617	0.0	0.0
RHOU	0.9782608695652174	0.9782608695652174	18.950000762939453	18.950000762939453	18.950000762939453	0.0	0.0
RIMKLA	0.47297297297297297	0.47297297297297297	26.700000762939453	26.700000762939453	26.700000762939453	0.0	0.0
RIT1	0.4880952380952381	0.4880952380952381	9.319000244140625	9.319000244140625	9.319000244140625	0.0	0.0
RLF	0.5492957746478874	0.5492957746478874	26.399999618530273	26.399999618530273	26.399999618530273	0.0	0.0
RNASEL	0.5	0.5	0.008999999612569809	0.008999999612569809	0.008999999612569809	0.0	0.0
RNF186	1.0	1.0	8.371000289916992	8.371000289916992	8.371000289916992	0.0	0.0
RNF19B	0.52261040381591	0.5035612535612536	3.329500064253807	6.202000141143799	6.659000128507614	0.0	0.0
RNF207	0.4748650204416719	0.5823904899148077	4.470666792243719	13.350000381469727	26.824000753462315	0.0	0.0
RNF223	0.5615881946552893	0.6644471347861178	7.480666428804398	20.799999237060547	22.441999286413193	0.0	0.0
RNPC3	0.5	0.5	8.560999870300293	8.560999870300293	8.560999870300293	0.0	0.0
RNPEP	0.5753195925079402	0.6403508771929824	11.234000205993652	17.690000534057617	33.70200061798096	0.0	0.0
ROR1	0.6872858433849603	0.8189605110336818	1.9280000627040863	4.188000202178955	7.712000250816345	0.0	0.0
RPE65	0.5263157894736842	0.5263157894736842	7.554999828338623	7.554999828338623	7.554999828338623	0.0	0.0
RPF1	0.4098360655737705	0.4098360655737705	3.2109999656677246	3.2109999656677246	3.2109999656677246	0.0	0.0
RPS6KA1	0.6918182800804736	0.765625	9.921499904245138	24.299999237060547	39.68599961698055	0.0	0.0
RPTN	0.4742268041237113	0.4742268041237113	10.34000015258789	10.34000015258789	10.34000015258789	0.0	0.0
RRNAD1	1.0	1.0	14.829999923706055	14.829999923706055	14.829999923706055	0.0	0.0
RSBN1	0.502528719338748	0.5056980056980057	6.200000047683716	6.827000141143799	12.400000095367432	0.0	0.0
RSRP1	0.5111111111111111	0.5111111111111111	14.920000076293945	14.920000076293945	14.920000076293945	0.0	0.0
RUNX3	0.46000000834465027	0.46000000834465027	24.0	24.0	24.0	0.0	0.0
RUSC1	0.9900990099009901	0.9900990099009901	11.229999542236328	11.229999542236328	11.229999542236328	0.0	0.0
RWDD3	0.45776245284634376	0.7211538461538461	2.111000008881092	4.105000019073486	4.222000017762184	0.0	0.0
RXFP4	1.0	1.0	2.994999885559082	2.994999885559082	2.994999885559082	0.0	0.0
RXRG	0.5636498244339364	0.7282608695652174	8.251500010490417	13.25	16.503000020980835	0.0	0.0
RYR2	0.5026932115076164	0.8067340067340067	4.91433340166178	21.700000762939453	44.22900061495602	0.0	0.0
S100A7	1.0	1.0	0.6370000243186951	0.6370000243186951	0.6370000243186951	0.0	0.0
SAMD11	1.0	1.0	15.050000190734863	15.050000190734863	15.050000190734863	0.0	0.0
SASS6	1.0	1.0	15.369999885559082	15.369999885559082	15.369999885559082	0.0	0.0
SCAMP3	0.42105263157894735	0.42105263157894735	3.367000102996826	3.367000102996826	3.367000102996826	0.0	0.0
SCYL3	1.0	1.0	0.296999990940094	0.296999990940094	0.296999990940094	0.0	0.0
SDCCAG8	0.6578139052356278	0.78125	10.010999917984009	15.65999984741211	20.021999835968018	0.0	0.0
SDF4	1.0	1.0	1.0670000314712524	1.0670000314712524	1.0670000314712524	0.0	0.0
SDHB	1.0	1.0	2.0959999561309814	2.0959999561309814	2.0959999561309814	0.0	0.0
SEC16B	1.0	1.0	0.9580000042915344	0.9580000042915344	0.9580000042915344	0.0	0.0
SEC22B	0.26666666666666666	0.26666666666666666	9.98900032043457	9.98900032043457	9.98900032043457	0.0	0.0
SELE	1.0	1.0	11.767000183463097	23.100000381469727	23.534000366926193	0.0	0.0
SELENON	0.5164063018634456	0.5119335591033704	12.380666732788086	14.399999618530273	37.14200019836426	0.0	0.0
SELL	1.0	1.0	16.00749969482422	24.299999237060547	32.01499938964844	0.0	0.0
SELP	1.0	1.0	1.8525000177323818	3.6410000324249268	3.7050000354647636	0.0	0.0
SEMA4A	1.0	1.0	12.1899995803833	12.1899995803833	12.1899995803833	0.0	0.0
SERINC2	0.4722820661510514	0.5256166982922201	5.230500094592571	10.300000190734863	10.461000189185143	0.0	0.0
SERPINC1	0.5534841672427264	0.5569444444444445	8.86549997329712	9.57800006866455	17.73099994659424	0.0	0.0
SF3A3	0.4	0.4	10.829999923706055	10.829999923706055	10.829999923706055	0.0	0.0
SH2D1B	0.40625	0.40625	1.0410000085830688	1.0410000085830688	1.0410000085830688	0.0	0.0
SH2D2A	1.0	1.0	0.008999999612569809	0.008999999612569809	0.008999999612569809	0.0	0.0
SH2D5	1.0	1.0	2.865999937057495	2.865999937057495	2.865999937057495	0.0	0.0
SH3D21	0.4791666666666667	0.4791666666666667	3.2190001010894775	3.2190001010894775	3.2190001010894775	0.0	0.0
SHE	1.0	1.0	10.819999694824219	10.819999694824219	10.819999694824219	0.0	0.0
SHISA4	0.5	0.5	16.399999618530273	16.399999618530273	16.399999618530273	0.0	0.0
SIPA1L2	0.6754925373766602	0.743057721708122	8.403666694959005	23.5	50.42200016975403	0.0	0.0
SLAMF6	0.5277777777777778	0.5277777777777778	0.9819999933242798	0.9819999933242798	0.9819999933242798	0.0	0.0
SLAMF9	1.0	1.0	4.688000202178955	4.688000202178955	4.688000202178955	0.0	0.0
SLC16A1	1.0	1.0	1.277999997138977	1.277999997138977	1.277999997138977	0.0	0.0
SLC1A7	0.45638243216730173	0.7354978354978354	4.336599941551685	17.06999969482422	21.682999707758427	0.0	0.0
SLC22A15	1.0	1.0	7.758999824523926	9.161999702453613	15.517999649047852	0.0	0.0
SLC25A24	0.4166666666666667	0.4166666666666667	9.293999671936035	9.293999671936035	9.293999671936035	0.0	0.0
SLC2A1	0.4090443218452398	0.3974266474266474	6.321333249409993	7.218999862670898	18.96399974822998	0.0	0.0
SLC35D1	0.4727272727272727	0.4727272727272727	23.600000381469727	23.600000381469727	23.600000381469727	0.0	0.0
SLC35E2A	0.917850134478673	0.7094017094017093	0.4594999887049198	0.8209999799728394	0.9189999774098396	0.0	0.0
SLC35E2B	0.3227397636887479	0.42056338028169016	7.157499939203262	14.119999885559082	14.314999878406525	0.0	0.0
SLC35F3	0.5686274509803921	0.5686274509803921	3.2179999351501465	3.2179999351501465	3.2179999351501465	0.0	0.0
SLC41A1	0.4935064935064935	0.4935064935064935	3.0769999027252197	3.0769999027252197	3.0769999027252197	0.0	0.0
SLC44A3	1.0	1.0	8.808499813079834	15.1899995803833	17.616999626159668	0.0	0.0
SLC44A5	0.7111368539159773	0.7708333333333334	6.2049998839696245	13.649999618530273	18.614999651908875	0.0	0.0
SLC45A1	0.5250854148037549	0.6318504933680974	1.7195000109495595	6.802000045776367	6.878000043798238	0.0	0.0
SLC5A9	0.695846614125875	0.7266666666666667	17.5600004196167	19.540000915527344	35.1200008392334	0.0	0.0
SLC66A1	0.5217391304347826	0.5217391304347826	10.8100004196167	10.8100004196167	10.8100004196167	0.0	0.0
SLC6A17	0.5602658951873646	0.558	10.19950008392334	11.25	20.39900016784668	0.0	0.0
SLC6A9	0.46296296296296297	0.46296296296296297	0.6470000147819519	0.6470000147819519	0.6470000147819519	0.0	0.0
SLC9A1	1.0	1.0	4.0229997634887695	4.0229997634887695	4.0229997634887695	0.0	0.0
SLC9C2	0.5613778419858181	0.5035103785103785	4.958666741847992	14.510000228881836	14.876000225543976	0.0	0.0
SLFNL1	0.4701653413965995	0.4500254971953085	21.244999885559082	35.0	42.489999771118164	0.0	1.0
SMAP2	1.0	1.0	0.4569999873638153	0.4569999873638153	0.4569999873638153	0.0	0.0
SMG7	1.0	1.0	5.953999996185303	5.953999996185303	5.953999996185303	0.0	0.0
SMPDL3B	0.47368421052631576	0.47368421052631576	0.27000001072883606	0.27000001072883606	0.27000001072883606	0.0	0.0
SMYD2	0.4528301886792453	0.4528301886792453	13.630000114440918	13.630000114440918	13.630000114440918	0.0	0.0
SMYD3	0.4704453512840194	0.46338383838383834	8.843999922275543	15.90999984741211	17.687999844551086	0.0	0.0
SNAP47	0.44	0.44	11.579999923706055	11.579999923706055	11.579999923706055	0.0	0.0
SNX7	1.0	1.0	5.64900004863739	7.933000087738037	11.29800009727478	0.0	0.0
SOAT1	0.417978993461555	0.45789124668435016	10.080333391825357	19.190000534057617	30.241000175476074	0.0	0.0
SORT1	1.0	1.0	9.132999897003174	9.321000099182129	18.265999794006348	0.0	0.0
SPAG17	0.4794876779234667	0.6833010752688172	12.54760010242462	24.399999618530273	62.73800051212311	0.0	0.0
SPATA1	0.5641683044195741	0.5441176470588236	11.385499715805054	16.559999465942383	22.770999431610107	0.0	0.0
SPATA17	0.5286633782158715	0.6544962812711291	5.755000213781993	10.8100004196167	17.265000641345978	0.0	0.0
SPATA21	0.4533333333333333	0.4533333333333333	7.39300012588501	7.39300012588501	7.39300012588501	0.0	0.0
SPATA45	1.0	1.0	0.0020000000949949026	0.0020000000949949026	0.0020000000949949026	0.0	0.0
SPATA46	0.5639565565820732	0.8148148148148149	2.1073333012561	4.961999893188477	6.321999903768301	0.0	0.0
SPATA6	0.4772727272727273	0.4772727272727273	25.399999618530273	25.399999618530273	25.399999618530273	0.0	0.0
SPEN	0.8319339408764783	0.8587570621468927	9.35366678237915	11.130000114440918	28.06100034713745	0.0	0.0
SPOCD1	0.428943519899344	0.49147668530816174	4.912666633725166	13.869999885559082	14.737999901175499	0.0	0.0
SPRR1A	1.0	1.0	8.749500036239624	9.848999977111816	17.499000072479248	0.0	0.0
SPRR1B	1.0	1.0	1.9540000359217327	3.9070000648498535	5.862000107765198	0.0	0.0
SPRR2A	1.0	1.0	6.0289998054504395	6.0289998054504395	6.0289998054504395	0.0	0.0
SPRR3	1.0	1.0	0.2809999908010165	0.5759999752044678	0.8429999724030495	0.0	0.0
SPRR4	1.0	1.0	3.4079999923706055	3.4079999923706055	3.4079999923706055	0.0	0.0
SPRTN	1.0	1.0	6.710000038146973	6.710000038146973	6.710000038146973	0.0	0.0
SPTA1	0.511063876116861	0.5682158210570036	9.472916652758917	23.299999237060547	113.674999833107	0.0	0.0
SRGAP2	1.0	1.0	9.747499942779541	10.380000114440918	19.494999885559082	0.0	0.0
SRGAP2C	0.4105263157894737	0.4105263157894737	17.450000762939453	17.450000762939453	17.450000762939453	0.0	0.0
SRM	1.0	1.0	13.119999885559082	13.119999885559082	13.119999885559082	0.0	0.0
SRSF4	1.0	1.0	8.196999867757162	15.569999694824219	24.590999603271484	0.0	0.0
SSU72	0.5454545454545454	0.5454545454545454	0.039000000804662704	0.039000000804662704	0.039000000804662704	0.0	0.0
SSX2IP	1.0	1.0	6.810499828308821	13.609999656677246	13.620999656617641	0.0	0.0
ST6GALNAC3	1.0	1.0	15.119999885559082	15.119999885559082	15.119999885559082	0.0	0.0
STIL	0.9882352941176471	0.9882352941176471	1.1109999418258667	1.1109999418258667	1.1109999418258667	0.0	0.0
STK40	0.47416677014956343	0.5088253195374315	12.579500436782837	20.200000762939453	25.159000873565674	0.0	0.0
STPG1	1.0	1.0	22.200000762939453	22.200000762939453	22.200000762939453	0.0	0.0
STX6	1.0	1.0	4.4629998207092285	4.4629998207092285	4.4629998207092285	0.0	0.0
STYXL2	0.5133240182785993	0.5019135227449154	8.1313332443436	14.210000038146973	24.393999733030796	0.0	0.0
SUCO	1.0	1.0	8.597250029444695	14.079999923706055	34.38900011777878	0.0	0.0
SUSD4	0.42528735632183906	0.42528735632183906	2.4830000400543213	2.4830000400543213	2.4830000400543213	0.0	0.0
SWT1	0.8679129422017741	0.7244208494208495	11.864750027656555	22.600000381469727	47.45900011062622	0.0	0.0
SYCP1	0.42857142857142855	0.42857142857142855	2.0320000648498535	2.0320000648498535	2.0320000648498535	0.0	0.0
SYDE2	0.9606768056400327	0.8714285714285714	0.8337500095367432	1.218999981880188	3.3350000381469727	0.0	0.0
SYNC	1.0	1.0	8.635999541729689	17.209999084472656	17.271999083459377	0.0	0.0
SYT11	1.0	1.0	7.306499898433685	13.489999771118164	14.61299979686737	0.0	0.0
SYT2	1.0	1.0	9.675999641418457	9.675999641418457	9.675999641418457	0.0	0.0
SYT6	0.47619047619047616	0.47619047619047616	23.100000381469727	23.100000381469727	23.100000381469727	0.0	0.0
SYTL1	0.64	0.64	5.508999824523926	5.508999824523926	5.508999824523926	0.0	0.0
SZT2	0.4925373134328358	0.4925373134328358	7.501999855041504	7.501999855041504	7.501999855041504	0.0	0.0
TADA1	0.45714285714285713	0.45714285714285713	24.700000762939453	24.700000762939453	24.700000762939453	0.0	0.0
TAF5L	0.64915677642297	0.6748247858493714	0.5796666542689005	0.9879999756813049	1.7389999628067017	0.0	0.0
TAFA3	0.5961538461538461	0.5961538461538461	1.1460000276565552	1.1460000276565552	1.1460000276565552	0.0	0.0
TARBP1	0.5863838347294241	0.7873015873015872	5.032999916002154	13.9399995803833	20.131999664008617	0.0	0.0
TAS1R1	1.0	1.0	1.9930000305175781	1.9930000305175781	1.9930000305175781	0.0	0.0
TAS1R2	0.7599332073279266	0.7530180851711449	3.157374983187765	11.90999984741211	25.25899986550212	0.0	0.0
TAS1R3	1.0	1.0	1.031999945640564	1.031999945640564	1.031999945640564	0.0	0.0
TATDN3	0.5135135135135135	0.5135135135135135	13.760000228881836	13.760000228881836	13.760000228881836	0.0	0.0
TCHH	0.750413098717967	0.6214951121814973	9.211250151507556	18.84000015258789	36.845000606030226	0.0	0.0
TCTEX1D4	0.4824561403508772	0.4824561403508772	0.0020000000949949026	0.0020000000949949026	0.0020000000949949026	0.0	0.0
TDRD10	1.0	1.0	8.604999542236328	8.604999542236328	8.604999542236328	0.0	0.0
TDRD5	0.46164232450264747	0.510099531615925	12.492499947547913	22.0	24.984999895095825	0.0	0.0
TEKT2	1.0	1.0	0.6119999885559082	0.6119999885559082	0.6119999885559082	0.0	0.0
TENT5B	0.5373134328358209	0.5373134328358209	12.649999618530273	12.649999618530273	12.649999618530273	0.0	0.0
TENT5C	0.5181838052165383	0.5167331158632354	5.980999946594238	6.744999885559082	11.961999893188477	0.0	0.0
TEX35	1.0	1.0	16.989999771118164	16.989999771118164	16.989999771118164	0.0	0.0
TFB2M	0.5665160207100782	0.5564516129032258	3.6010000705718994	4.243000030517578	7.202000141143799	0.0	0.0
TGFBR3	0.8043444701172853	0.8356164383561643	5.5930000096559525	10.039999961853027	16.779000028967857	0.0	0.0
THEM4	1.0	1.0	3.158999964594841	6.000999927520752	6.317999929189682	0.0	0.0
THEM5	1.0	1.0	6.476333459218343	15.770000457763672	19.42900037765503	0.0	0.0
THEMIS2	1.0	1.0	5.437000048657258	11.680000305175781	16.311000145971775	0.0	0.0
THRAP3	0.4444444444444444	0.4444444444444444	14.369999885559082	14.369999885559082	14.369999885559082	0.0	0.0
TIE1	1.0	1.0	0.26499998569488525	0.26499998569488525	0.26499998569488525	0.0	0.0
TLR5	0.5241423392993972	0.5198553898576316	5.8809999427564135	23.0	35.28599965653848	0.0	0.0
TMCC2	0.47981504530238855	0.4717285015818234	3.831666742451489	8.92300033569336	11.495000227354467	0.0	0.0
TMCO1	0.37142857142857144	0.37142857142857144	5.672999858856201	5.672999858856201	5.672999858856201	0.0	0.0
TMCO2	0.375	0.375	21.600000381469727	21.600000381469727	21.600000381469727	0.0	0.0
TMCO4	0.4523809523809524	0.4523809523809524	1.931000031530857	3.7820000648498535	3.862000063061714	0.0	0.0
TMED5	0.5185185185185185	0.5185185185185185	26.399999618530273	26.399999618530273	26.399999618530273	0.0	0.0
TMEM201	0.45454545454545453	0.45454545454545453	0.4959999918937683	0.4959999918937683	0.4959999918937683	0.0	0.0
TMEM222	0.3492063492063492	0.3492063492063492	8.694999694824219	8.694999694824219	8.694999694824219	0.0	0.0
TMEM51	0.47560975609756095	0.47560975609756095	0.22699999809265137	0.22699999809265137	0.22699999809265137	0.0	0.0
TMEM52	0.4675324675324675	0.4675324675324675	9.600000381469727	9.600000381469727	9.600000381469727	0.0	0.0
TMEM61	1.0	1.0	4.51200008392334	4.51200008392334	4.51200008392334	0.0	0.0
TMEM63A	0.41333333333333333	0.41333333333333333	5.065999984741211	5.065999984741211	5.065999984741211	0.0	0.0
TMEM81	1.0	1.0	9.986999750137329	14.479999542236328	19.973999500274658	0.0	0.0
TMEM9	1.0	1.0	6.146000146865845	10.050000190734863	12.29200029373169	0.0	0.0
TMIGD3	0.4444444444444444	0.4444444444444444	2.9660000801086426	2.9660000801086426	2.9660000801086426	0.0	0.0
TNFRSF14	0.5430421535540537	0.5557422969187675	3.8304999731481075	7.605999946594238	7.660999946296215	0.0	0.0
TNN	0.7422976285175371	0.6469288333609183	7.30920000076294	23.399999618530273	73.0920000076294	0.0	0.0
TNNT2	1.0	1.0	7.23799991607666	7.23799991607666	7.23799991607666	0.0	0.0
TNR	0.6504200975472074	0.7037198102357676	3.1811999559402464	9.543999671936035	15.905999779701233	0.0	0.0
TOE1	0.6153846153846154	0.6153846153846154	22.700000762939453	22.700000762939453	22.700000762939453	0.0	0.0
TOR1AIP1	1.0	1.0	9.451000183820724	14.520000457763672	37.8040007352829	0.0	1.0
TP53BP2	0.3939393939393939	0.3939393939393939	24.600000381469727	24.600000381469727	24.600000381469727	0.0	0.0
TP73	1.0	1.0	2.0899999141693115	2.0899999141693115	2.0899999141693115	0.0	0.0
TRABD2B	0.5684210526315789	0.5684210526315789	4.1570000648498535	4.1570000648498535	4.1570000648498535	0.0	0.0
TRAF3IP3	0.7998210826745296	0.6814814814814815	9.770666599273682	17.079999923706055	29.311999797821045	0.0	0.0
TRIM33	0.7472902000671227	0.7313432835820896	16.509999752044678	17.489999771118164	33.019999504089355	0.0	0.0
TRIM45	0.5021603717696994	0.4937865497076023	13.61750054359436	19.290000915527344	27.23500108718872	0.0	0.0
TRIM46	1.0	1.0	0.9380000233650208	0.9380000233650208	0.9380000233650208	0.0	0.0
TRIM58	1.0	1.0	6.94200012460351	18.950000762939453	27.76800049841404	0.0	0.0
TRIM62	1.0	1.0	13.949999809265137	13.949999809265137	13.949999809265137	0.0	0.0
TRIM67	0.49311415932614994	0.47081161578555475	14.435499906539917	23.5	28.870999813079834	0.0	0.0
TRIT1	0.42105263157894735	0.42105263157894735	7.565999984741211	7.565999984741211	7.565999984741211	0.0	0.0
TRMT13	1.0	1.0	22.0	22.700000762939453	44.0	0.0	0.0
TRNP1	1.0	1.0	16.229999542236328	16.229999542236328	16.229999542236328	0.0	0.0
TSEN15	0.5324723445790749	0.5272556390977443	19.524999618530273	20.799999237060547	39.04999923706055	0.0	0.0
TSHB	1.0	1.0	2.687999963760376	2.687999963760376	2.687999963760376	0.0	0.0
TTC13	0.45702628586696475	0.45404255319148934	16.990000247955322	20.600000381469727	33.980000495910645	0.0	0.0
TTC22	0.627171917228053	0.763157894736842	13.530999660491943	21.299999237060547	27.061999320983887	0.0	0.0
TTC24	1.0	1.0	8.585000455379486	16.540000915527344	17.170000910758972	0.0	0.0
TTC34	1.0	1.0	7.065000057220459	7.065000057220459	7.065000057220459	0.0	0.0
TTC4	0.8600818198959329	0.6598173515981735	9.11333304643631	19.969999313354492	27.33999913930893	0.0	0.0
TTF2	0.49122048653625805	0.5126508762055925	10.779750138521194	27.100000381469727	43.11900055408478	1.0	0.0
UBR4	0.49725369414324183	0.6941324853038725	5.855000077094883	15.890000343322754	29.275000385474414	0.0	0.0
UBXN11	0.45988417532805265	0.7362399720962679	1.5494000256061553	5.183000087738037	7.747000128030777	0.0	0.0
UCK2	0.5102040816326531	0.5102040816326531	11.300000190734863	11.300000190734863	11.300000190734863	0.0	0.0
UQCRHL	0.903952775077878	0.8415841584158416	9.272666613260904	18.229999542236328	27.817999839782715	0.0	0.0
URB2	0.49890137929581363	0.47164948453608246	4.644999831914902	9.109999656677246	9.289999663829803	0.0	0.0
UROD	0.6106194690265486	0.6106194690265486	5.7230000495910645	5.7230000495910645	5.7230000495910645	0.0	0.0
USH2A	0.5107472404088578	0.4862985393249673	9.190916749008466	19.700000762939453	110.29100098810159	0.0	0.0
USP21	0.5434782608695652	0.5434782608695652	25.0	25.0	25.0	0.0	0.0
USP24	1.0	1.0	17.579999446868896	20.299999237060547	35.15999889373779	0.0	0.0
USP33	1.0	1.0	7.726500153541565	12.970000267028809	15.45300030708313	0.0	0.0
UTP25	0.3637066201898311	0.371007371007371	8.078499961644411	16.079999923706055	16.156999923288822	0.0	0.0
UTS2	0.2978723404255319	0.2978723404255319	1.687999963760376	1.687999963760376	1.687999963760376	0.0	0.0
VANGL2	0.4706085371669372	0.45474942068261265	7.295333544413249	11.100000381469727	21.886000633239746	0.0	0.0
VASH2	0.5	0.5	12.3100004196167	12.3100004196167	12.3100004196167	0.0	0.0
VAV3	0.5137012402493257	0.5247252747252747	19.609999656677246	20.899999618530273	39.21999931335449	0.0	0.0
VCAM1	1.0	1.0	4.383999824523926	4.383999824523926	4.383999824523926	0.0	0.0
VN1R5	1.0	1.0	0.7339999973773956	1.1169999837875366	1.4679999947547913	0.0	0.0
VPS13D	1.0	1.0	0.18799999356269836	0.18799999356269836	0.18799999356269836	0.0	0.0
VWA5B1	0.45057533940481836	0.47370127721005884	13.350999725516886	26.899999618530273	53.40399890206754	0.0	0.0
WDR64	0.3976783892519176	0.6076388888888888	12.992666259407997	21.899999618530273	38.97799877822399	0.0	0.0
WLS	0.3684210526315789	0.3684210526315789	7.979000091552734	7.979000091552734	7.979000091552734	0.0	0.0
WNT2B	0.36923076923076925	0.36923076923076925	7.4770002365112305	7.4770002365112305	7.4770002365112305	0.0	0.0
WNT9A	0.5811965811965812	0.5811965811965812	0.10000000149011612	0.10000000149011612	0.10000000149011612	0.0	0.0
XKR8	0.5263157894736842	0.5263157894736842	4.626999855041504	4.626999855041504	4.626999855041504	0.0	0.0
YARS1	0.7164179104477612	0.7164179104477612	6.688000202178955	6.688000202178955	6.688000202178955	0.0	0.0
YY1AP1	1.0	1.0	19.290000915527344	19.290000915527344	19.290000915527344	0.0	0.0
ZBED6	0.43333333333333335	0.43333333333333335	7.111000061035156	7.111000061035156	7.111000061035156	0.0	0.0
ZBTB17	0.4523809523809524	0.4523809523809524	4.9079999923706055	4.9079999923706055	4.9079999923706055	0.0	0.0
ZBTB40	0.9970955450577509	0.8364779874213837	9.120666921138763	17.040000915527344	27.36200076341629	0.0	0.0
ZBTB41	0.5	0.5	0.09799999743700027	0.09799999743700027	0.09799999743700027	0.0	0.0
ZC3H11A	0.8237649584500318	0.7221200980392157	6.4593334794044495	11.270000457763672	19.37800043821335	0.0	0.0
ZC3H11B	0.7381762093370569	0.8248175182481752	12.217499978840351	22.399999618530273	48.869999915361404	0.0	0.0
ZC3H12A	0.45925925925925926	0.45925925925925926	0.49300000071525574	0.49300000071525574	0.49300000071525574	0.0	0.0
ZMYM1	1.0	1.0	0.6209999918937683	0.6209999918937683	0.6209999918937683	0.0	0.0
ZMYND12	0.4862917743931365	0.5183129855715871	10.491000294685364	17.530000686645508	20.982000589370728	0.0	0.0
ZNF124	0.4818181818181818	0.4818181818181818	1.6360000371932983	1.6360000371932983	1.6360000371932983	0.0	0.0
ZNF326	1.0	1.0	1.7685000002384186	3.2039999961853027	3.537000000476837	0.0	0.0
ZNF669	0.5421686746987951	0.5421686746987951	5.415999889373779	5.415999889373779	5.415999889373779	0.0	0.0
ZNF672	0.44086021505376344	0.44086021505376344	4.546999931335449	4.546999931335449	4.546999931335449	0.0	0.0
ZNF683	0.5164835164835165	0.5164835164835165	0.003000000026077032	0.003000000026077032	0.003000000026077032	0.0	0.0
ZNF687	0.3931873544394387	0.4382680412371134	7.754500210285187	15.3100004196167	15.509000420570374	0.0	0.0
ZNF692	0.48461150368146366	0.4655385157764851	18.899999618530273	23.899999618530273	37.79999923706055	0.0	0.0
ZNF695	1.0	1.0	4.232333287596703	6.633999824523926	12.696999862790108	0.0	0.0
ZNF697	0.46224532268724045	0.4741907261592301	5.074999928474426	7.11299991607666	10.149999856948853	0.0	0.0
ZNHIT6	0.5	0.5	21.399999618530273	21.399999618530273	21.399999618530273	0.0	0.0
ZSCAN20	1.0	1.0	14.289999961853027	14.289999961853027	14.289999961853027	0.0	0.0
ZYG11B	1.0	1.0	8.97700023651123	8.97700023651123	8.97700023651123	0.0	0.0
