Gene	CADD_weighted_avg_AF	avg_AF	avg_CADD_PHRED	max_CADD_PHRED	sum_CADD_PHRED	HFI	LoH
AADACL3	0.4744525547445255	0.4744525547445255	0.05999999865889549	0.05999999865889549	0.05999999865889549	0.0	0.0
ABCA4	0.4444519218319755	0.5338074877548562	4.0464444317751465	23.5	36.417999885976315	1.0	0.0
ABL2	0.5244096495986003	0.5240659120504858	24.100000381469727	24.5	48.20000076293945	0.0	0.0
ACADM	0.5523073966874676	0.5538302277432712	5.795500040054321	6.296999931335449	11.591000080108643	0.0	0.0
ACBD3	1.0	1.0	18.729999542236328	18.729999542236328	18.729999542236328	0.0	0.0
ACKR1	1.0	1.0	0.6800000071525574	0.6800000071525574	0.6800000071525574	0.0	0.0
ACP6	1.0	1.0	3.5739998817443848	5.021999835968018	7.1479997634887695	0.0	0.0
ACTN2	1.0	1.0	3.6684999465942383	5.704999923706055	7.336999893188477	0.0	0.0
ADAM15	0.6283799772166614	0.7546452702702703	13.182500004768372	21.600000381469727	52.730000019073486	0.0	0.0
ADAMTSL4	1.0	1.0	5.03940008059144	24.100000381469727	25.1970004029572	0.0	0.0
ADAR	1.0	1.0	3.9250000715255737	9.517000198364258	11.775000214576721	0.0	0.0
ADCY10	0.42764419620842903	0.3875474769397721	4.123000085353851	7.761000156402588	8.246000170707703	0.0	0.0
ADGRL2	1.0	1.0	1.6109999418258667	1.6109999418258667	1.6109999418258667	0.0	0.0
ADGRL4	1.0	1.0	9.59000015258789	9.59000015258789	9.59000015258789	0.0	0.0
ADORA3	0.5615059650059869	0.7272727272727273	13.620999813079834	21.899999618530273	27.241999626159668	0.0	0.0
AGL	0.5589722658599858	0.5855083884377749	11.517599868774415	22.600000381469727	57.58799934387207	0.0	0.0
AGMAT	0.49189722753060383	0.4935920023220807	8.431333541870117	14.600000381469727	25.29400062561035	0.0	0.0
AGO4	1.0	1.0	0.3630000054836273	0.3630000054836273	0.3630000054836273	0.0	0.0
AGRN	0.7273733144517636	0.9085714285714286	3.6151999339461325	10.779999732971191	18.075999669730663	0.0	0.0
AGT	1.0	1.0	2.9579999446868896	2.9579999446868896	2.9579999446868896	0.0	0.0
AHDC1	0.7183996978974883	0.7220837672965332	3.869750050827861	7.379000186920166	15.479000203311443	0.0	0.0
AJAP1	1.0	1.0	4.0279998779296875	4.0279998779296875	4.0279998779296875	0.0	0.0
AKNAD1	0.5437420819248545	0.5766479894528675	0.41374999936670065	0.8840000033378601	1.6549999974668026	0.0	0.0
AKR7A3	0.7094490276618274	0.7285024154589371	10.555249700322747	23.299999237060547	42.22099880129099	0.0	0.0
AKR7L	0.8205961202056826	0.8772727272727272	15.118250381201506	24.700000762939453	60.47300152480602	0.0	0.0
ALDH4A1	0.9990461049997043	0.9	1.887000059708953	8.680000305175781	9.435000298544765	0.0	0.0
ALDH9A1	0.7875	0.7875	0.06400000303983688	0.06400000303983688	0.12800000607967377	0.0	0.0
ALG6	1.0	1.0	13.4399995803833	13.4399995803833	13.4399995803833	0.0	0.0
ALPL	1.0	1.0	1.190000057220459	1.190000057220459	1.190000057220459	0.0	0.0
AMPD1	0.31379877015287183	0.3264957264957265	33.55000019073486	38.0	67.10000038146973	0.0	1.0
AMPD2	1.0	1.0	2.6540000438690186	2.6540000438690186	2.6540000438690186	0.0	0.0
AMY1A	0.3424657534246575	0.3424657534246575	25.700000762939453	25.700000762939453	25.700000762939453	0.0	0.0
AMY2A	0.27058823529411763	0.27058823529411763	10.020000457763672	10.020000457763672	10.020000457763672	0.0	0.0
ANKRD35	0.509641771090429	0.5076193239456266	4.4744000971317295	13.220000267028809	22.372000485658646	0.0	0.0
ANP32E	0.34210526315789475	0.34210526315789475	6.816999912261963	6.816999912261963	6.816999912261963	0.0	0.0
AP4B1	0.46153846153846156	0.46153846153846156	7.656000137329102	7.656000137329102	7.656000137329102	0.0	0.0
APCS	1.0	1.0	0.7879999876022339	0.7879999876022339	0.7879999876022339	0.0	0.0
APOBEC4	0.4558047595217867	0.4657527823070185	5.042875069659203	21.5	40.343000557273626	0.0	0.0
AQP10	1.0	1.0	0.4359999895095825	0.4359999895095825	0.4359999895095825	0.0	0.0
ARHGAP29	0.5277777777777778	0.5277777777777778	18.309999465942383	18.309999465942383	18.309999465942383	0.0	0.0
ARHGAP30	0.476463955891449	0.5066964285714286	3.4090000092983246	6.125	6.818000018596649	0.0	0.0
ARHGEF10L	0.68896883831332	0.8075736325385694	8.005800104141235	12.989999771118164	40.02900052070618	0.0	0.0
ARHGEF16	0.9928194045624299	0.9968354430379747	8.633500091731548	19.59000015258789	34.53400036692619	0.0	0.0
ARHGEF19	0.525206268156032	0.523640366845235	16.137799787521363	32.0	80.68899893760681	0.0	0.0
ARID1A	0.5300546448087432	0.5300546448087432	19.030000686645508	19.030000686645508	19.030000686645508	0.0	0.0
ARNT	1.0	1.0	6.188000202178955	6.188000202178955	6.188000202178955	0.0	0.0
ARPC5	0.5404196161437131	0.5410714285714285	12.204999923706055	12.34000015258789	24.40999984741211	0.0	0.0
ARTN	1.0	1.0	7.070000171661377	7.070000171661377	7.070000171661377	0.0	0.0
ASAP3	0.5280898876404494	0.5280898876404494	23.5	23.5	23.5	0.0	0.0
ASB17	0.4722222222222222	0.4722222222222222	15.529999732971191	15.529999732971191	15.529999732971191	0.0	0.0
ASH1L	1.0	1.0	12.819999694824219	12.819999694824219	12.819999694824219	0.0	0.0
ASPM	0.6712193895128402	0.6712215237366927	5.963400015234948	23.700000762939453	59.63400015234947	0.0	0.0
ASTN1	0.48611643888127315	0.48421196105008296	10.964833150307337	25.799999237060547	65.78899890184402	0.0	0.0
ATAD3A	0.3230910896434052	0.3304644808743169	16.61899995803833	25.5	33.23799991607666	1.0	0.0
ATAD3C	0.2087912087912088	0.2087912087912088	11.829999923706055	11.829999923706055	11.829999923706055	0.0	0.0
ATF6	1.0	1.0	0.718999981880188	0.718999981880188	0.718999981880188	0.0	0.0
ATP13A2	0.5058486237477182	0.47762362796156993	1.5939999967813492	5.118000030517578	9.563999980688095	0.0	0.0
ATP1A4	0.45968361602080554	0.596938775510204	5.505749821662903	10.729999542236328	22.02299928665161	0.0	0.0
ATP2B4	1.0	1.0	4.735000183805823	9.416000366210938	9.470000367611647	0.0	0.0
ATP6V0B	0.4166666666666667	0.4166666666666667	0.010999999940395355	0.010999999940395355	0.010999999940395355	0.0	0.0
ATP8B2	0.42829919798502025	0.4551103599125075	0.9420000314712524	1.5700000524520874	1.8840000629425049	0.0	0.0
ATPAF1	1.0	1.0	6.586999893188477	6.586999893188477	6.586999893188477	0.0	0.0
AXDND1	0.324150671933486	0.48319327731092443	0.7710000171791762	1.5390000343322754	1.5420000343583524	0.0	0.0
B3GALNT2	1.0	1.0	5.14900016784668	5.14900016784668	5.14900016784668	0.0	0.0
BATF3	0.42864665191378304	0.43960990247561893	16.269999504089355	20.299999237060547	32.53999900817871	0.0	0.0
BCAN	1.0	1.0	17.719999313354492	17.719999313354492	17.719999313354492	0.0	0.0
BCL2L15	1.0	1.0	0.10499999672174454	0.10499999672174454	0.10499999672174454	0.0	0.0
BCL9	0.5161290322580645	0.5161290322580645	23.299999237060547	23.299999237060547	23.299999237060547	0.0	0.0
BECN2	0.4297520661157025	0.4297520661157025	15.829999923706055	15.829999923706055	15.829999923706055	0.0	0.0
BEND5	0.5142857142857142	0.5142857142857142	9.376999855041504	9.376999855041504	9.376999855041504	0.0	0.0
BEST4	0.5104166666666666	0.5104166666666666	0.5370000004768372	0.5370000004768372	0.5370000004768372	0.0	0.0
BMP8A	0.7398312023613366	0.7325396825396826	11.381999969482422	18.09000015258789	45.52799987792969	0.0	0.0
BMP8B	0.2376237623762376	0.2376237623762376	4.789000034332275	4.789000034332275	4.789000034332275	0.0	0.0
BRDT	0.8343473910015511	0.8215962441314554	4.771000062425931	9.666000366210938	14.313000187277794	0.0	0.0
BSND	0.5306122448979592	0.5306122448979592	0.02199999988079071	0.02199999988079071	0.02199999988079071	0.0	0.0
BTBD8	1.0	1.0	10.390999952952066	13.529999732971191	31.1729998588562	0.0	0.0
BTNL10	0.4105263157894737	0.4105263157894737	0.14300000667572021	0.14300000667572021	0.14300000667572021	0.0	0.0
C1orf105	1.0	1.0	3.0380001068115234	3.0380001068115234	3.0380001068115234	0.0	0.0
C1orf109	1.0	1.0	4.373000144958496	4.373000144958496	4.373000144958496	0.0	0.0
C1orf112	0.4293660073922223	0.4126602564102564	13.489999771118164	15.739999771118164	26.979999542236328	0.0	0.0
C1orf116	1.0	1.0	1.281000018119812	1.281000018119812	1.281000018119812	0.0	0.0
C1orf127	0.3564723721142229	0.4162525484199796	3.8350000977516174	6.820000171661377	7.670000195503235	0.0	0.0
C1orf141	1.0	1.0	4.434500008821487	8.434000015258789	8.869000017642975	0.0	0.0
C1orf167	1.0	1.0	5.564076879276679	17.479999542236328	72.33299943059683	0.0	0.0
C1orf174	0.9279752190689415	0.7361963190184049	3.0620000660419464	5.288000106811523	6.124000132083893	0.0	0.0
C1orf53	1.0	1.0	0.6389999985694885	0.6389999985694885	0.6389999985694885	0.0	0.0
C1orf68	0.430810911838704	0.48857277927045367	3.1589998938143253	8.977999687194824	9.476999681442976	0.0	0.0
C1orf87	0.49371161745708875	0.5369318181818181	4.361999928951263	7.165999889373779	8.723999857902527	0.0	0.0
C1orf94	0.44373165054491936	0.4471411020280625	5.827000141143799	10.100000381469727	17.481000423431396	0.0	0.0
C2CD4D	1.0	1.0	10.649999618530273	10.649999618530273	10.649999618530273	0.0	0.0
C4BPA	0.983322382960429	0.7446808510638298	0.8419999741017818	1.628999948501587	1.6839999482035637	0.0	0.0
C8A	0.46153846153846156	0.46153846153846156	12.390000343322754	12.390000343322754	12.390000343322754	0.0	0.0
C8B	1.0	1.0	9.755000114440918	9.755000114440918	9.755000114440918	0.0	0.0
CA6	1.0	1.0	3.3290000036358833	6.513000011444092	6.658000007271767	0.0	0.0
CACHD1	1.0	1.0	7.357999801635742	7.357999801635742	7.357999801635742	0.0	0.0
CACNA1E	0.6086956521739131	0.6086956521739131	5.9070000648498535	5.9070000648498535	5.9070000648498535	0.0	0.0
CACNA1S	0.5299993858901917	0.5060344910148935	9.066999837756157	28.799999237060547	45.334999188780785	0.0	0.0
CADM3	0.5308641975308642	0.5308641975308642	0.4519999921321869	0.4519999921321869	0.4519999921321869	0.0	0.0
CAMK1G	0.5316742871907394	0.5318061964403428	1.1775000095367432	1.2100000381469727	2.3550000190734863	0.0	0.0
CAMTA1	0.4864864864864865	0.4864864864864865	3.121999979019165	3.121999979019165	3.121999979019165	0.0	0.0
CAP1	1.0	1.0	17.016666730244953	21.399999618530273	102.10000038146973	0.0	0.0
CAPN2	0.77192358790791	0.875	11.94774978980422	21.799999237060547	47.79099915921688	0.0	0.0
CAPN8	0.7312988684379633	0.7604166666666667	23.449999809265137	26.299999237060547	46.89999961853027	0.0	0.0
CAPN9	0.5087185633247516	0.5221696099900525	8.976999830454588	18.8799991607666	35.90799932181835	0.0	0.0
CASP9	0.40282529323078586	0.4308621269002595	6.274000036966754	15.34000015258789	25.096000147867016	0.0	0.0
CASQ2	0.47401226370949584	0.509552757273122	0.9235000163316727	1.715000033378601	1.8470000326633453	0.0	0.0
CASZ1	0.46296296296296297	0.46296296296296297	8.675000190734863	8.675000190734863	8.675000190734863	0.0	0.0
CATSPER4	1.0	1.0	16.860000610351562	16.860000610351562	16.860000610351562	0.0	0.0
CCDC17	0.501777104606888	0.5212520212520213	4.00599992275238	7.034999847412109	8.01199984550476	0.0	0.0
CCDC18	1.0	1.0	20.299999237060547	20.299999237060547	20.299999237060547	0.0	0.0
CCDC181	1.0	1.0	7.65449982881546	14.069999694824219	15.30899965763092	0.0	0.0
CCDC185	0.47435897435897434	0.47435897435897434	3.63100004196167	3.63100004196167	3.63100004196167	0.0	0.0
CCDC190	0.46938775510204084	0.46938775510204084	0.04899999871850014	0.04899999871850014	0.04899999871850014	0.0	0.0
CCDC27	0.5811978403183714	0.5154642290549218	0.2847500011557713	0.9020000100135803	1.1390000046230853	0.0	0.0
CCDC28B	0.6029411764705882	0.6029411764705882	4.578000068664551	4.578000068664551	4.578000068664551	0.0	0.0
CCSAP	0.4936708860759494	0.4936708860759494	1.2760000228881836	1.2760000228881836	1.2760000228881836	0.0	0.0
CD101	0.5717338218050756	0.780952380952381	0.1560000036843121	0.3050000071525574	0.3120000073686242	0.0	0.0
CD164L2	0.6084627168659027	0.7783505154639175	8.6670001745224	15.3100004196167	17.3340003490448	0.0	0.0
CD1B	0.5932203389830508	0.5932203389830508	0.9760000109672546	0.9760000109672546	0.9760000109672546	0.0	0.0
CD1E	0.5223880597014925	0.5223880597014925	0.0010000000474974513	0.0010000000474974513	0.0010000000474974513	0.0	0.0
CD2	0.43103448275862066	0.43103448275862066	9.003999710083008	9.003999710083008	9.003999710083008	0.0	0.0
CD48	0.6209578867670386	0.7022222222222222	3.5726667642593384	8.92300033569336	10.718000292778015	0.0	0.0
CD52	0.4760345625521283	0.47857142857142854	6.001500129699707	8.133000373840332	12.003000259399414	0.0	0.0
CDA	0.5609756097560976	0.5609756097560976	1.5180000066757202	1.5180000066757202	1.5180000066757202	0.0	0.0
CDC20	1.0	1.0	11.789999961853027	11.789999961853027	11.789999961853027	0.0	0.0
CDC42BPA	0.7395437090649835	0.8218390804597702	5.8423333664735155	8.904999732971191	17.527000099420547	0.0	0.0
CDC7	1.0	1.0	3.128999948501587	3.128999948501587	3.128999948501587	0.0	0.0
CDCP2	1.0	1.0	20.994999885559082	25.5	41.989999771118164	0.0	0.0
CDK11A	0.7055450384865319	0.5879534800031124	11.33616671959559	28.0	68.01700031757355	0.0	0.0
CDK11B	1.0	1.0	5.1579999923706055	5.1579999923706055	5.1579999923706055	0.0	0.0
CDK18	0.5476190476190477	0.5476190476190477	12.880000114440918	12.880000114440918	12.880000114440918	0.0	0.0
CELA2A	0.5376344086021505	0.5376344086021505	3.0399999618530273	3.0399999618530273	3.0399999618530273	0.0	0.0
CELA2B	1.0	1.0	2.9549999237060547	2.9549999237060547	2.9549999237060547	0.0	0.0
CELA3A	1.0	1.0	1.6579999923706055	1.6579999923706055	1.6579999923706055	0.0	0.0
CELA3B	0.7114674220959177	0.7227093933884714	4.322444450782819	15.470000267028809	38.90200005704537	0.0	0.0
CELSR2	0.6258731778942735	0.754314087284493	4.755749996751547	19.100000381469727	38.045999974012375	0.0	0.0
CENPF	1.0	1.0	6.769999782244365	9.51099967956543	20.309999346733093	0.0	0.0
CENPS-CORT	0.7692138260159258	0.781578947368421	4.94599986076355	5.22599983215332	9.8919997215271	0.0	0.0
CEP104	0.9663610146246171	0.6516229712858926	3.7726665486892066	10.609999656677246	11.31799964606762	0.0	0.0
CEP170	0.6127129487655276	0.6304347826086957	17.100000381469727	17.920000076293945	34.20000076293945	0.0	0.0
CEP350	1.0	1.0	23.700000762939453	23.700000762939453	23.700000762939453	0.0	0.0
CEP85	0.2982456140350877	0.2982456140350877	14.489999771118164	14.489999771118164	14.489999771118164	0.0	0.0
CEPT1	0.5094546426872026	0.49468537414965985	6.998999923467636	13.65999984741211	13.997999846935272	0.0	0.0
CFAP57	0.4888661502023034	0.4895030372852953	4.929500095546246	11.84000015258789	19.718000382184982	0.0	0.0
CFAP74	0.4844439867538634	0.45907316892886535	11.323999970711562	26.100000381469727	101.91599973640405	0.0	0.0
CFH	0.5146182416183951	0.4616161616161616	2.558999959961511	3.941999912261963	7.676999879884534	0.0	0.0
CFHR3	1.0	1.0	0.3799999952316284	0.3799999952316284	0.3799999952316284	0.0	0.0
CFHR4	0.5387900664114371	0.7426470588235294	1.1690000146627426	2.0950000286102295	2.3380000293254852	0.0	0.0
CHD1L	1.0	1.0	8.729000091552734	14.130000114440918	26.187000274658203	0.0	0.0
CHI3L1	1.0	1.0	11.266999810934067	22.399999618530273	22.533999621868134	0.0	0.0
CHI3L2	0.28	0.28	2.7669999599456787	2.7669999599456787	2.7669999599456787	0.0	0.0
CHIA	0.8776862456083371	0.9419753086419753	9.27911123012503	22.5	83.51200107112527	0.0	0.0
CHIT1	0.49988369205662275	0.4582894459658732	13.930999994277954	25.0	27.861999988555908	0.0	0.0
CLCA1	0.7008724181998468	0.6105196315814461	7.647500026971102	15.520000457763672	30.590000107884407	0.0	0.0
CLCA2	0.5332803678354594	0.5133201393746494	7.057749889791012	25.399999618530273	28.230999559164047	0.0	0.0
CLCC1	0.7525364866199472	0.7976190476190477	1.9594999551773071	2.3959999084472656	3.9189999103546143	0.0	0.0
CLCN6	1.0	1.0	20.700000762939453	20.700000762939453	20.700000762939453	0.0	0.0
CLCNKB	0.35291062526836614	0.4538159089629653	5.247181792320176	18.56999969482422	57.71899971552193	0.0	0.0
CLDN19	0.4925373134328358	0.4925373134328358	27.5	27.5	27.5	1.0	0.0
CMPK1	0.47368421052631576	0.47368421052631576	4.13700008392334	4.13700008392334	4.13700008392334	0.0	0.0
CNR2	0.5526005726469435	0.5233290024051244	4.430875072255731	8.612000465393066	35.447000578045845	0.0	0.0
CNST	0.42424242424242425	0.42424242424242425	0.05900000035762787	0.05900000035762787	0.05900000035762787	0.0	0.0
CNTN2	0.44183665070369577	0.4294887071985188	15.416666825612387	23.600000381469727	46.25000047683716	0.0	0.0
COA6	1.0	1.0	0.1979999989271164	0.1979999989271164	0.1979999989271164	0.0	0.0
COL11A1	0.4805031246858195	0.5176280988988073	10.145999985933305	24.700000762939453	50.72999992966652	1.0	0.0
COL16A1	0.7252297875561989	0.6954979202348911	1.388333335518837	2.440000057220459	4.165000006556511	0.0	0.0
COL24A1	0.4285372555752995	0.6052082177082178	9.830333466331163	21.600000381469727	58.982000797986984	0.0	0.0
COPA	0.5096638632001879	0.7142857142857143	6.800000011920929	11.670000076293945	13.600000023841858	0.0	0.0
COQ8A	0.43024879783988035	0.45637254901960783	0.8126666632015258	1.6449999809265137	2.4379999896045774	0.0	0.0
CPT2	1.0	1.0	0.07199999690055847	0.07199999690055847	0.07199999690055847	0.0	0.0
CPTP	1.0	1.0	0.4440000057220459	0.4440000057220459	0.4440000057220459	0.0	0.0
CR1	0.4788996825752988	0.6666029727435845	2.6418749829172157	8.375	21.134999863337725	0.0	0.0
CR1L	0.6492389098077258	0.6961568322981366	9.754500200040638	22.600000381469727	39.018000800162554	0.0	0.0
CR2	1.0	1.0	0.8109999895095825	0.8109999895095825	0.8109999895095825	0.0	0.0
CRB1	1.0	1.0	0.2720000147819519	0.2720000147819519	0.2720000147819519	0.0	0.0
CRCT1	1.0	1.0	7.9695000648498535	8.657999992370605	15.939000129699707	0.0	0.0
CROCC	0.7362236772396131	0.6707355242566511	7.77400000890096	10.930000305175781	23.32200002670288	0.0	0.0
CRYBG2	1.0	1.0	10.964000463485718	16.1200008392334	21.928000926971436	0.0	0.0
CRYZ	0.7695014222046248	0.863849765258216	9.799333413441977	16.59000015258789	29.398000240325928	0.0	0.0
CRYZL2P-SEC16B	0.6430753313981644	0.5928761479287346	4.357333412290448	15.5600004196167	39.216000710614026	0.0	0.0
CSF1	0.9962055728229707	0.9966887417218543	1.1205000281333923	1.284000039100647	2.2410000562667847	0.0	0.0
CSF3R	0.4958957858671572	0.5004407825585733	3.081999957561493	8.744999885559082	9.245999872684479	0.0	0.0
CSMD2	0.4956253574814744	0.5033180550730273	7.250999728838603	12.359999656677246	43.505998373031616	0.0	0.0
CTBS	0.4514192429846604	0.45707316883787474	10.591600036621093	15.109999656677246	52.95800018310547	0.0	0.0
CTH	0.5	0.5	15.979999542236328	15.979999542236328	15.979999542236328	0.0	0.0
CTRC	0.4074074074074074	0.4074074074074074	0.17299999296665192	0.17299999296665192	0.17299999296665192	0.0	0.0
CTSK	1.0	1.0	0.12399999797344208	0.12399999797344208	0.12399999797344208	0.0	0.0
CTSS	1.0	1.0	19.59000015258789	19.59000015258789	19.59000015258789	0.0	0.0
CTTNBP2NL	0.9993747216215239	0.9952830188679245	3.960499942302704	7.395999908447266	7.920999884605408	0.0	0.0
CYB5RL	1.0	1.0	15.829999923706055	15.829999923706055	15.829999923706055	0.0	0.0
CYP4A11	1.0	1.0	3.937000036239624	3.937000036239624	3.937000036239624	0.0	0.0
CYP4A22	0.5337423312883436	0.5337423312883436	6.980999946594238	6.980999946594238	6.980999946594238	0.0	0.0
DBT	1.0	1.0	13.989999771118164	13.989999771118164	13.989999771118164	0.0	0.0
DCAF6	0.45454545454545453	0.45454545454545453	10.6899995803833	10.6899995803833	10.6899995803833	0.0	0.0
DCLRE1B	0.540803923486308	0.4864883984153934	13.77049970626831	20.899999618530273	27.54099941253662	0.0	0.0
DDAH1	0.4772727272727273	0.4772727272727273	4.789000034332275	4.789000034332275	4.789000034332275	0.0	0.0
DDI2	0.46808510638297873	0.46808510638297873	10.15999984741211	10.15999984741211	10.15999984741211	0.0	0.0
DDOST	1.0	1.0	3.7200000286102295	3.7200000286102295	3.7200000286102295	0.0	0.0
DDX59	0.45362726527120634	0.6287569699442405	1.1943333571155865	3.3970000743865967	3.58300007134676	0.0	0.0
DENND2C	0.5	0.5	8.218999862670898	8.218999862670898	8.218999862670898	0.0	0.0
DFFB	0.6206896551724138	0.6206896551724138	0.041999999433755875	0.041999999433755875	0.041999999433755875	0.0	0.0
DHCR24	0.5510204081632653	0.5510204081632653	10.720000267028809	10.720000267028809	10.720000267028809	0.0	0.0
DHRS3	0.4249307457770644	0.4196573124662709	0.323000006377697	0.5730000138282776	0.646000012755394	0.0	0.0
DHX9	1.0	1.0	5.072000026702881	5.072000026702881	5.072000026702881	0.0	0.0
DISP1	0.5629555606371389	0.6304675716440422	1.0673333250839885	2.384999990463257	3.2019999752519652	0.0	0.0
DISP3	0.544589218322844	0.5459998554599985	10.020499616861343	19.799999237060547	20.040999233722687	0.0	0.0
DMBX1	0.46706586826347307	0.46706586826347307	0.07500000298023224	0.07500000298023224	0.07500000298023224	0.0	0.0
DMRTA2	0.5396825396825397	0.5396825396825397	2.36899995803833	2.36899995803833	2.36899995803833	0.0	0.0
DNAH14	0.7494171805164752	0.7100299091561124	8.046222297940403	23.200000762939453	144.83200136292726	0.0	0.0
DNAI4	0.7075131829876847	0.8480392156862745	7.424333254496257	14.289999961853027	22.27299976348877	0.0	0.0
DNAJC11	1.0	1.0	0.09700000286102295	0.09700000286102295	0.09700000286102295	0.0	0.0
DNAJC16	0.4918032786885246	0.4918032786885246	16.68000030517578	16.68000030517578	16.68000030517578	0.0	0.0
DNASE2B	0.5204081632653061	0.5204081632653061	0.14399999380111694	0.14399999380111694	0.14399999380111694	0.0	0.0
DNM3	1.0	1.0	0.004000000189989805	0.004000000189989805	0.004000000189989805	0.0	0.0
DNTTIP2	0.8309693263238822	0.8450292397660819	5.9666666984558105	8.201000213623047	17.90000009536743	0.0	0.0
DPT	1.0	1.0	0.1080000028014183	0.1080000028014183	0.1080000028014183	0.0	0.0
DPYD	0.44047619047619047	0.44047619047619047	9.508000373840332	9.508000373840332	9.508000373840332	0.0	0.0
DRAXIN	0.45098039215686275	0.45098039215686275	6.973999977111816	6.973999977111816	6.973999977111816	0.0	0.0
DSTYK	1.0	1.0	18.739999771118164	18.739999771118164	18.739999771118164	0.0	0.0
DTL	1.0	1.0	4.859000086784363	7.3460001945495605	9.718000173568726	0.0	0.0
DUSP10	0.8447944658382557	0.7518518518518518	6.316999793052673	8.682999610900879	12.633999586105347	0.0	0.0
DVL1	1.0	1.0	0.34700000286102295	0.34700000286102295	0.34700000286102295	0.0	0.0
EBNA1BP2	0.37333333333333335	0.37333333333333335	9.175999641418457	9.175999641418457	9.175999641418457	0.0	0.0
ECM1	1.0	1.0	6.775499790906906	13.4399995803833	13.550999581813812	0.0	0.0
EDARADD	1.0	1.0	7.815999984741211	7.815999984741211	7.815999984741211	0.0	0.0
EDEM3	0.4532604202337799	0.427681044330497	9.571600079536438	25.0	47.85800039768219	0.0	0.0
EEF1AKNMT	1.0	1.0	10.231333623329798	17.020000457763672	30.694000869989395	0.0	0.0
EFCAB2	1.0	1.0	7.709000110626221	7.709000110626221	7.709000110626221	0.0	0.0
EFCAB7	0.4709993511653826	0.4584096067594774	9.214199900627136	18.399999618530273	46.07099950313568	0.0	0.0
EFNA1	1.0	1.0	7.63700008392334	7.63700008392334	7.63700008392334	0.0	0.0
EIF4G3	1.0	1.0	5.080999851226807	5.080999851226807	5.080999851226807	0.0	0.0
ELAPOR1	0.6946172294120727	0.5380743471711028	5.838899907795712	21.299999237060547	58.38899907795712	0.0	0.0
ELAVL4	1.0	1.0	11.252999782562256	14.149999618530273	22.50599956512451	0.0	0.0
ELF3	1.0	1.0	3.3409999422729015	6.619999885559082	6.681999884545803	0.0	0.0
ELOA	0.42201834862385323	0.42201834862385323	9.734000205993652	9.734000205993652	9.734000205993652	0.0	0.0
EMC1	0.3566803124266695	0.35599078341013823	10.209499835968018	16.31999969482422	20.418999671936035	0.0	0.0
EPB41	0.46551724137931033	0.46551724137931033	1.7790000438690186	1.7790000438690186	1.7790000438690186	0.0	0.0
EPHA10	0.5053377982643834	0.5180343457491157	7.796375207602978	25.200000762939453	62.37100166082382	0.0	0.0
EPHA2	0.4891885077633982	0.48610393200966046	4.889249950647354	8.307999610900879	19.556999802589417	0.0	0.0
EPHB2	0.8198733547371706	0.7086614173228346	8.41700005531311	11.630000114440918	16.83400011062622	0.0	0.0
EPHX1	0.4942528735632184	0.4942528735632184	1.8630000352859497	1.8630000352859497	1.8630000352859497	0.0	0.0
EPRS1	0.40897897898748864	0.558046224422531	7.818000189960003	16.6200008392334	31.27200075984001	0.0	0.0
EPS15	0.47058823529411764	0.47058823529411764	0.2879999876022339	0.2879999876022339	0.2879999876022339	0.0	0.0
EPS8L3	0.44442384812884217	0.4684466019417476	0.837999977171421	1.4759999513626099	1.675999954342842	0.0	0.0
ERICH3	1.0	1.0	11.009999999776483	22.0	22.019999999552965	0.0	0.0
ERMAP	0.3079352270111867	0.2841269841269841	2.4789999425411224	4.435999870300293	4.957999885082245	0.0	0.0
ERO1B	1.0	1.0	22.700000762939453	22.700000762939453	22.700000762939453	0.0	0.0
ESRRG	0.5510204081632653	0.5510204081632653	6.290999889373779	6.290999889373779	6.290999889373779	0.0	0.0
ETV3	0.5107913669064749	0.5107913669064749	11.130000114440918	11.130000114440918	11.130000114440918	0.0	0.0
ETV3L	0.4453986488575802	0.4869463869463869	8.281999915838242	15.699999809265137	16.563999831676483	0.0	0.0
EVI5	1.0	1.0	7.125750049948692	12.960000038146973	28.50300019979477	0.0	0.0
EXO1	0.9479243693594027	0.5930232558139534	5.041750140488148	18.360000610351562	20.16700056195259	0.0	0.0
EXO5	0.41489534804431694	0.39706706519708573	10.060499906539917	14.710000038146973	20.120999813079834	0.0	0.0
EXOSC10	0.5187285409267641	0.4979874776386405	2.199500061571598	4.3470001220703125	4.399000123143196	0.0	0.0
EXTL1	1.0	1.0	20.799999237060547	20.799999237060547	20.799999237060547	0.0	0.0
F13B	0.8385302754966799	0.8632478632478633	0.8206666509310404	0.968999981880188	2.4619999527931213	0.0	0.0
F5	0.517742751961063	0.4984194853368815	2.0488333467704556	17.260000228881836	24.586000161245465	0.0	0.0
FAAH	1.0	1.0	7.828000068664551	7.828000068664551	7.828000068664551	0.0	0.0
FAAP20	1.0	1.0	8.934000015258789	8.934000015258789	8.934000015258789	0.0	0.0
FAM110D	0.5084745762711864	0.5084745762711864	1.4520000219345093	1.4520000219345093	1.4520000219345093	0.0	0.0
FAM131C	0.5856212583362492	0.6295730544158992	9.053571224212646	25.399999618530273	63.374998569488525	0.0	0.0
FAM151A	0.47337278106508873	0.47337278106508873	2.865999937057495	2.865999937057495	2.865999937057495	0.0	0.0
FAM177B	0.4293999513629524	0.7142857142857143	7.931500076316297	15.84000015258789	15.863000152632594	0.0	0.0
FAM71A	0.7743754994020267	0.6744423676012462	3.6273333628972373	5.931000232696533	10.882000088691711	0.0	0.0
FBLIM1	1.0	1.0	26.200000762939453	26.200000762939453	26.200000762939453	0.0	0.0
FBXO2	0.5394736842105263	0.5394736842105263	24.200000762939453	24.200000762939453	24.200000762939453	0.0	0.0
FBXO42	0.5	0.5	0.843999981880188	0.843999981880188	0.843999981880188	0.0	0.0
FBXO6	0.5273972602739726	0.5273972602739726	1.6660000085830688	1.6660000085830688	1.6660000085830688	0.0	0.0
FCAMR	0.5197649410682796	0.5174148606811145	5.289000034332275	5.491000175476074	10.57800006866455	0.0	0.0
FCGR2A	0.4906832298136646	0.4906832298136646	0.0020000000949949026	0.0020000000949949026	0.0020000000949949026	0.0	0.0
FCGR2B	0.5	0.5	10.75	10.75	10.75	0.0	0.0
FCGR2C	0.9534595366500309	0.737410071942446	4.801499933004379	8.751999855041504	9.602999866008759	0.0	0.0
FCGR3B	1.0	1.0	0.0020000000949949026	0.0020000000949949026	0.0020000000949949026	0.0	0.0
FCMR	0.46808510638297873	0.46808510638297873	0.9580000042915344	0.9580000042915344	0.9580000042915344	0.0	0.0
FCRL1	1.0	1.0	0.0860000029206276	0.0860000029206276	0.0860000029206276	0.0	0.0
FCRL4	0.5116279069767442	0.5116279069767442	3.312999963760376	3.312999963760376	3.312999963760376	0.0	0.0
FCRL5	1.0	1.0	0.01433333350966374	0.027000000700354576	0.04300000052899122	0.0	0.0
FCRLA	0.4634146341463415	0.4634146341463415	0.6489999890327454	0.6489999890327454	0.6489999890327454	0.0	0.0
FCRLB	0.511602116614375	0.6396464223969661	9.022999783356985	21.299999237060547	27.068999350070953	0.0	0.0
FHAD1	0.5185070657167339	0.547973399775407	2.4447500873357058	8.416000366210938	9.779000349342823	0.0	0.0
FHL3	0.5	0.5	11.84000015258789	11.84000015258789	11.84000015258789	0.0	0.0
FLG	1.0	1.0	2.611999988555908	2.611999988555908	2.611999988555908	0.0	0.0
FLVCR1	0.4351851851851852	0.4351851851851852	14.739999771118164	14.739999771118164	14.739999771118164	0.0	0.0
FMN2	0.6647375263155592	0.6477400149805348	4.492285771029336	7.75	31.446000397205353	0.0	0.0
FMO2	0.6612850082489372	0.6578736078736079	19.68000004688899	40.0	118.08000028133392	1.0	1.0
FMO3	1.0	1.0	18.719999313354492	18.719999313354492	18.719999313354492	0.0	0.0
FMO5	0.4782608695652174	0.4782608695652174	26.5	26.5	26.5	0.0	0.0
FMOD	0.48333333333333334	0.48333333333333334	6.00600004196167	6.00600004196167	6.00600004196167	0.0	0.0
FNDC7	0.7511256164604871	0.7641850856232576	11.801333395764232	25.5	70.80800037458539	0.0	0.0
FOXD2	1.0	1.0	18.110000610351562	18.110000610351562	18.110000610351562	0.0	0.0
FOXE3	0.45569620253164556	0.45569620253164556	6.184000015258789	6.184000015258789	6.184000015258789	0.0	0.0
FOXJ3	0.7169061604007011	0.706140350877193	15.695000171661377	16.270000457763672	31.390000343322754	0.0	0.0
FOXO6	0.9556763033725224	0.9259259259259259	10.306333541870117	17.280000686645508	30.91900062561035	0.0	0.0
FPGT	1.0	1.0	7.083000183105469	7.083000183105469	7.083000183105469	0.0	0.0
FRRS1	0.4245699964674452	0.42669715936446795	0.6320000141859055	0.7850000262260437	1.264000028371811	0.0	0.0
FUCA1	0.45454545454545453	0.45454545454545453	16.700000762939453	16.700000762939453	16.700000762939453	0.0	0.0
GABRD	1.0	1.0	10.350000381469727	10.350000381469727	10.350000381469727	0.0	0.0
GBA	0.41935483870967744	0.41935483870967744	20.899999618530273	20.899999618530273	20.899999618530273	1.0	0.0
GBP1	0.7697344297515032	0.7613636363636364	17.390000343322754	18.0	34.78000068664551	0.0	0.0
GBP2	0.5181795253011364	0.5052711993888465	11.498999834060669	16.059999465942383	22.997999668121338	0.0	0.0
GBP3	0.34365051855372575	0.39178146658680585	12.547249875962734	23.100000381469727	50.18899950385094	1.0	0.0
GBP4	0.3115853884139276	0.30689425436121615	0.3036666696037476	0.7039999961853027	2.7330000264337286	0.0	0.0
GBP6	0.9647435929180349	0.8973684210526315	7.7794000977184625	19.31999969482422	38.89700048859231	0.0	0.0
GBP7	0.4945054945054945	0.4945054945054945	6.090000152587891	6.090000152587891	6.090000152587891	0.0	0.0
GFI1	1.0	1.0	9.151000022888184	9.151000022888184	9.151000022888184	0.0	0.0
GJA4	0.7466797641422511	0.8078431372549021	6.843666752179463	10.829999923706055	20.53100025653839	0.0	0.0
GJA9	0.5313195618893749	0.5399393326592518	3.47650009393692	5.123000144958496	6.95300018787384	0.0	0.0
GJB3	0.5909090909090909	0.5909090909090909	0.6330000162124634	0.6330000162124634	0.6330000162124634	0.0	0.0
GLIS1	0.4236236141059073	0.42720575304844965	17.336666742960613	20.600000381469727	52.010000228881836	0.0	0.0
GLMP	0.4581709625969795	0.468524898214845	10.92900037765503	17.6200008392334	21.85800075531006	0.0	0.0
GLRX2	0.5606060606060606	0.5606060606060606	2.63700008392334	2.63700008392334	2.63700008392334	0.0	0.0
GLUL	0.45	0.45	11.3100004196167	11.3100004196167	11.3100004196167	0.0	0.0
GNAT2	0.3888888888888889	0.3888888888888889	5.715000152587891	5.715000152587891	5.715000152587891	0.0	0.0
GORAB	0.6365567472905016	0.6951219512195121	16.1899995803833	19.299999237060547	32.3799991607666	0.0	0.0
GPBP1L1	0.4546531981594691	0.4564102564102564	8.106500148773193	8.359000205993652	16.213000297546387	0.0	0.0
GPN2	1.0	1.0	18.049999237060547	18.049999237060547	18.049999237060547	0.0	0.0
GPR153	1.0	1.0	0.8420000076293945	1.3140000104904175	1.684000015258789	0.0	0.0
GPR37L1	1.0	1.0	3.0850000580151877	7.122000217437744	9.255000174045563	0.0	0.0
GPR61	0.5046728971962616	0.5046728971962616	1.312999963760376	1.312999963760376	1.312999963760376	0.0	0.0
GPX7	0.8083846234187666	0.7444444444444445	9.34250020980835	11.680000305175781	18.6850004196167	0.0	0.0
GRHL3	0.4909090909090909	0.4909090909090909	5.438000202178955	5.438000202178955	5.438000202178955	0.0	0.0
GRIK3	0.35294117647058826	0.35294117647058826	11.489999771118164	11.489999771118164	11.489999771118164	0.0	0.0
GSTM3	0.5405405405405406	0.5405405405405406	0.007000000216066837	0.007000000216066837	0.007000000216066837	0.0	0.0
GSTM4	1.0	1.0	2.187000036239624	2.187000036239624	2.187000036239624	0.0	0.0
GTF2B	1.0	1.0	0.05299999937415123	0.05299999937415123	0.05299999937415123	0.0	0.0
GUCA2A	1.0	1.0	11.59000015258789	11.59000015258789	11.59000015258789	0.0	0.0
H3-4	0.9264926197654001	0.713375796178344	3.6769998967647552	6.410999774932861	7.3539997935295105	0.0	0.0
H6PD	0.48743877266380314	0.8275862068965517	6.1153334354360895	18.18000030517578	18.34600030630827	0.0	0.0
HAX1	0.5841584158415841	0.5841584158415841	7.283999919891357	7.283999919891357	7.283999919891357	0.0	0.0
HCRTR1	0.5159840537932026	0.4896489648964897	5.885000109672546	10.300000190734863	11.770000219345093	0.0	0.0
HDGF	0.575857828727882	0.7767857142857143	11.78849983215332	22.399999618530273	23.57699966430664	0.0	0.0
HEATR1	0.9372357976943244	0.9678571428571429	8.757266868899267	27.200000762939453	131.359003033489	0.0	0.0
HES3	1.0	1.0	8.862500190734863	12.640000343322754	17.725000381469727	0.0	0.0
HES4	0.5205479452054794	0.5205479452054794	4.723999977111816	4.723999977111816	4.723999977111816	0.0	0.0
HEYL	0.7869135024469259	0.77734375	17.450000762939453	18.200000762939453	34.900001525878906	0.0	0.0
HFM1	0.6403127125885647	0.7624711826163733	3.6688332880536714	9.321000099182129	22.01299972832203	0.0	0.0
HHAT	1.0	1.0	5.013999938964844	5.013999938964844	5.013999938964844	0.0	0.0
HHIPL2	1.0	1.0	5.257999897003174	5.257999897003174	5.257999897003174	0.0	0.0
HIPK1	0.5216089998428914	0.5106676194365047	8.458999872207642	11.579999923706055	16.917999744415283	0.0	0.0
HIVEP3	0.9999721610782253	0.9991645781119465	6.571999888334956	14.029999732971191	46.00399921834469	0.0	0.0
HMCN1	0.5889110366164754	0.5917508417508417	9.623000144958496	21.700000762939453	28.86900043487549	0.0	0.0
HMGB4	1.0	1.0	10.779999732971191	15.149999618530273	21.559999465942383	0.0	0.0
HMGCL	1.0	1.0	8.595999717712402	8.595999717712402	8.595999717712402	0.0	0.0
HORMAD1	1.0	1.0	0.3930000066757202	0.3930000066757202	0.3930000066757202	0.0	0.0
HPCAL4	0.8076199475407364	0.765625	11.296000003814697	13.319999694824219	22.592000007629395	0.0	0.0
HRNR	0.6787720560176159	0.7988812917950832	2.8755238359832824	17.780000686645508	120.77200111129787	0.0	0.0
HSD3B1	0.4786106703083571	0.5050256341068537	3.155499901622534	6.232999801635742	6.310999803245068	0.0	0.0
HSPA6	0.9984669275953872	0.9959016393442623	4.635500073432922	7.5370001792907715	9.271000146865845	0.0	0.0
HSPG2	0.7010333200933184	0.6652544030057707	8.61657142843164	24.399999618530273	180.94799999706447	0.0	0.0
HTR1D	0.44285714285714284	0.44285714285714284	0.40299999713897705	0.40299999713897705	0.40299999713897705	0.0	0.0
HYI	1.0	1.0	6.702499866485596	6.943999767303467	13.404999732971191	0.0	0.0
IBA57	1.0	1.0	0.6660000085830688	0.6660000085830688	0.6660000085830688	0.0	0.0
ID3	1.0	1.0	0.1420000046491623	0.1420000046491623	0.1420000046491623	0.0	0.0
IER5	0.5238882305779938	0.6792181661396953	5.031666815280914	12.770000457763672	15.095000445842743	0.0	0.0
IFI16	0.6336721576382762	0.5479268882042495	2.8301999736577272	12.119999885559082	14.150999868288636	0.0	0.0
IGFN1	0.5352226517147981	0.5895388350598934	4.663368466886152	21.399999618530273	88.6040008708369	0.0	0.0
IGSF3	0.5175438596491229	0.5175438596491229	0.039000000804662704	0.039000000804662704	0.039000000804662704	0.0	0.0
IKBKE	1.0	1.0	5.756999969482422	5.756999969482422	5.756999969482422	0.0	0.0
IL12RB2	0.561084044365942	0.6379440665154951	0.48166665310661	1.090999960899353	1.44499995931983	0.0	0.0
IL19	1.0	1.0	2.1619999408721924	2.1619999408721924	2.1619999408721924	0.0	0.0
IL22RA1	0.4271686047436119	0.4863381055215709	4.464749991893768	12.869999885559082	17.858999967575073	0.0	0.0
IL23R	1.0	1.0	11.449999809265137	11.449999809265137	11.449999809265137	0.0	0.0
IL6R	0.4259880529875224	0.4511764705882353	8.158500015735626	14.75	16.317000031471252	0.0	0.0
INAVA	0.481235004609478	0.484	9.152999877929688	9.855999946594238	18.305999755859375	0.0	0.0
INKA2	1.0	1.0	6.53000020980835	6.53000020980835	6.53000020980835	0.0	0.0
INPP5B	0.5578335331554104	0.5448207706272222	16.87499976158142	25.399999618530273	67.49999904632568	0.0	0.0
INSL5	1.0	1.0	0.061000000685453415	0.061000000685453415	0.061000000685453415	0.0	0.0
INTS11	1.0	1.0	2.782000045912961	8.156000137329102	8.346000137738883	0.0	0.0
IPO13	0.5882352941176471	0.5882352941176471	0.29499998688697815	0.29499998688697815	0.29499998688697815	0.0	0.0
IPP	0.4	0.4	18.579999923706055	18.579999923706055	18.579999923706055	0.0	0.0
IQGAP3	0.7487498613891945	0.7769844154795081	11.734857218606132	23.5	82.14400053024292	0.0	0.0
IRF2BP2	0.596302852209172	0.640954555338117	11.006250262260437	14.050000190734863	44.02500104904175	0.0	0.0
IRF6	1.0	1.0	0.2930000126361847	0.2930000126361847	0.2930000126361847	0.0	0.0
ISG15	0.887772838053773	0.7741013686268612	2.490000009536743	3.7960000038146973	4.980000019073486	0.0	0.0
ITGB3BP	1.0	1.0	1.434999942779541	1.434999942779541	1.434999942779541	0.0	0.0
ITLN1	1.0	1.0	7.779499962925911	15.329999923706055	15.558999925851822	0.0	0.0
ITLN2	0.45454545454545453	0.45454545454545453	0.0010000000474974513	0.0010000000474974513	0.0010000000474974513	0.0	0.0
ITPKB	0.5336853376763697	0.6671508109416607	11.026999751726786	28.299999237060547	33.08099925518036	0.0	0.0
JAK1	0.46021175281002963	0.44396121603602423	7.063499942887574	9.88700008392334	28.253999771550298	0.0	0.0
JMJD4	0.676609542319225	0.666510061858899	5.6163333257039385	7.754000186920166	16.848999977111816	0.0	0.0
KANK4	0.8350109587603433	0.7751520325188913	7.115555620855755	15.15999984741211	64.0400005877018	0.0	0.0
KCNA10	0.4753206913933229	0.4593249513545876	4.4579999049504595	7.574999809265137	13.37399971485138	0.0	0.0
KCNH1	0.9068496366840828	0.6989247311827957	0.0904999990016222	0.15299999713897705	0.1809999980032444	0.0	0.0
KCNJ9	0.5	0.5	17.350000381469727	17.350000381469727	17.350000381469727	0.0	0.0
KCNN3	0.5334202857341979	0.528116756587052	2.715333342552185	3.61899995803833	8.146000027656555	0.0	0.0
KCNQ4	0.44285714285714284	0.44285714285714284	3.8389999866485596	3.8389999866485596	3.8389999866485596	0.0	0.0
KCNT2	1.0	1.0	6.605000019073486	6.605000019073486	6.605000019073486	0.0	0.0
KCTD3	0.4722222222222222	0.4722222222222222	0.017000000923871994	0.017000000923871994	0.017000000923871994	0.0	0.0
KDF1	0.5512075197268438	0.6730279898218829	15.564666906992594	27.200000762939453	46.69400072097778	0.0	0.0
KDM5B	0.7662804659961022	0.9	4.505399934947491	10.529999732971191	22.526999674737453	0.0	0.0
KIAA0040	0.6	0.6	1.63100004196167	1.63100004196167	1.63100004196167	0.0	0.0
KIAA1614	0.7424891644139955	0.7158880288109202	7.972199976444244	19.969999313354492	39.86099988222122	0.0	0.0
KIAA2013	0.39805825242718446	0.39805825242718446	4.394999980926514	4.394999980926514	4.394999980926514	0.0	0.0
KIF14	0.8562425291481998	0.7203389830508474	5.03849995136261	7.486999988555908	10.07699990272522	0.0	0.0
KIF17	0.689931878944691	0.6986123680241327	9.194200038909912	18.920000076293945	45.97100019454956	0.0	0.0
KIF1B	0.5126858799598908	0.5003244646333549	17.112500429153442	26.700000762939453	34.225000858306885	0.0	0.0
KIF21B	0.5	0.5	2.749000072479248	2.749000072479248	2.749000072479248	0.0	0.0
KIF26B	0.7218891240130452	0.6818013761938996	2.9994000386446715	8.463000297546387	14.997000193223357	0.0	0.0
KIFAP3	0.4827586206896552	0.4827586206896552	6.876999855041504	6.876999855041504	6.876999855041504	0.0	0.0
KIRREL1	0.5211267605633803	0.5211267605633803	1.0870000123977661	1.0870000123977661	1.0870000123977661	0.0	0.0
KLF17	0.5029278583525044	0.49632950430549067	0.36533334288590896	0.7620000243186951	1.096000028657727	0.0	0.0
KLHDC7A	0.46885010734947663	0.47272250961558876	3.096000015735626	13.670000076293945	15.480000078678131	0.0	0.0
KLHDC8A	0.5598759489016911	0.6007195578799006	4.505333463350932	9.98900032043457	13.516000390052795	0.0	0.0
KLHL17	1.0	1.0	0.6809999942779541	0.6809999942779541	0.6809999942779541	0.0	0.0
KLHL21	0.43283582089552236	0.43283582089552236	1.430999994277954	1.430999994277954	1.430999994277954	0.0	0.0
KMO	0.7200564245055961	0.6538461538461539	8.20549988746643	9.774999618530273	16.41099977493286	0.0	0.0
KPRP	0.5398352573848615	0.4783564261825131	7.449666738510132	15.270000457763672	22.349000215530396	0.0	0.0
KYAT3	0.5230769230769231	0.5230769230769231	8.598999977111816	8.598999977111816	8.598999977111816	0.0	0.0
L1TD1	1.0	1.0	0.7639999985694885	0.7639999985694885	0.7639999985694885	0.0	0.0
LACTBL1	0.6225661040127616	0.6257146502112056	15.49399995803833	25.0	61.97599983215332	0.0	0.0
LAD1	0.5839721641012097	0.5197577628133184	4.006000034511089	10.670000076293945	12.018000103533268	0.0	0.0
LAMB3	0.4559458185786044	0.7297619047619047	4.035749986767769	11.40999984741211	16.142999947071075	0.0	0.0
LAMC2	0.5128205128205128	0.5128205128205128	23.0	23.0	23.0	0.0	0.0
LAMTOR5	0.5061728395061729	0.5061728395061729	4.828000068664551	4.828000068664551	4.828000068664551	0.0	0.0
LAPTM5	0.4557975377334135	0.45553359683794464	0.2264999970793724	0.28700000047683716	0.4529999941587448	0.0	0.0
LAX1	0.5510204081632653	0.5510204081632653	20.700000762939453	20.700000762939453	20.700000762939453	0.0	0.0
LBR	0.5883493448264461	0.7426700312424898	0.5467499976512045	1.2319999933242798	2.186999990604818	0.0	0.0
LCE1C	0.4954954954954955	0.4954954954954955	0.4869999885559082	0.4869999885559082	0.4869999885559082	0.0	0.0
LCE1E	0.4936708860759494	0.4936708860759494	4.2769999504089355	4.2769999504089355	4.2769999504089355	0.0	0.0
LCE1F	0.5023041474654378	0.5023041474654378	21.799999237060547	21.799999237060547	21.799999237060547	0.0	0.0
LCE2D	0.5241935483870968	0.5241935483870968	9.180000305175781	9.180000305175781	9.180000305175781	0.0	0.0
LCE3D	0.4816753926701571	0.4816753926701571	4.215000152587891	4.215000152587891	4.215000152587891	0.0	0.0
LCE5A	1.0	1.0	14.40999984741211	14.40999984741211	14.40999984741211	0.0	0.0
LDLRAD2	1.0	1.0	14.100000381469727	14.100000381469727	14.100000381469727	0.0	0.0
LDLRAP1	0.3836571904472749	0.4083491461100569	3.806999921798706	4.9029998779296875	7.613999843597412	0.0	0.0
LEFTY1	0.4	0.4	0.9729999899864197	0.9729999899864197	0.9729999899864197	0.0	0.0
LEPR	0.47651656560316136	0.4899306940934817	5.616333534320195	16.110000610351562	16.849000602960587	0.0	0.0
LEXM	0.43636184736776507	0.4225985457328741	18.16450023651123	28.100000381469727	36.32900047302246	0.0	0.0
LGALS8	1.0	1.0	8.673374891281128	24.799999237060547	69.38699913024902	0.0	0.0
LGR6	0.5371440466752316	0.4981287639660737	1.8667999714612962	3.2009999752044678	9.33399985730648	0.0	0.0
LHX4	1.0	1.0	15.649999618530273	15.649999618530273	15.649999618530273	0.0	0.0
LHX8	0.5362318840579711	0.5362318840579711	4.936999797821045	4.936999797821045	4.936999797821045	0.0	0.0
LIN9	0.35135135135135137	0.35135135135135137	10.470000267028809	10.470000267028809	10.470000267028809	0.0	0.0
LIX1L	0.640625	0.640625	5.491000175476074	5.491000175476074	5.491000175476074	0.0	0.0
LMNA	0.4440729489905685	0.4821428571428571	1.292499989271164	2.2109999656677246	2.584999978542328	0.0	0.0
LMX1A	0.8622476163488503	0.7826086956521738	8.241000175476074	11.260000228881836	16.48200035095215	0.0	0.0
LORICRIN	0.576271186440678	0.576271186440678	6.776000022888184	6.776000022888184	6.776000022888184	0.0	0.0
LRIF1	0.48314606741573035	0.48314606741573035	12.619999885559082	12.619999885559082	12.619999885559082	0.0	0.0
LRIG2	1.0	1.0	2.796999931335449	2.796999931335449	2.796999931335449	0.0	0.0
LRP8	0.8759781164155029	0.8494553376906318	11.615333338578543	33.0	69.69200003147125	0.0	0.0
LRRC38	0.9687719515867392	0.76	8.00050002336502	14.960000038146973	16.00100004673004	0.0	0.0
LRRC41	0.5483870967741935	0.5483870967741935	24.700000762939453	24.700000762939453	24.700000762939453	0.0	0.0
LRRC47	0.42045454545454547	0.42045454545454547	16.8700008392334	16.8700008392334	16.8700008392334	0.0	0.0
LRRC52	0.45871559633027525	0.45871559633027525	0.23100000619888306	0.23100000619888306	0.23100000619888306	0.0	0.0
LRRC7	0.5476879237402692	0.5475536368393512	10.570000171661377	10.710000038146973	21.140000343322754	0.0	0.0
LRRC8C	0.8503963544668773	0.7898550724637681	15.914999961853027	20.5	31.829999923706055	0.0	0.0
LRRIQ3	1.0	1.0	0.013000000268220901	0.013000000268220901	0.013000000268220901	0.0	0.0
LRRN2	0.6185711662337288	0.7209302325581395	9.30650019645691	12.720000267028809	18.61300039291382	0.0	0.0
LUZP1	0.5136829326929002	0.48641634627422387	10.530399794876576	18.549999237060547	52.65199897438288	0.0	0.0
LY9	0.5367183590592189	0.5046452702702703	0.21600000467151403	0.4090000092983246	0.43200000934302807	0.0	0.0
LYPLAL1	1.0	1.0	12.410000324249268	16.020000457763672	24.820000648498535	0.0	0.0
LYST	0.4418604024961183	0.4599275612243559	4.424666568636894	8.74899959564209	26.547999411821365	0.0	0.0
MAB21L3	0.46835443037974683	0.46835443037974683	8.718000411987305	8.718000411987305	8.718000411987305	0.0	0.0
MACF1	0.6266461087190502	0.7327586206896551	15.031499862670898	21.0	30.062999725341797	0.0	0.0
MAP10	0.5234899328859061	0.5234899328859061	10.9399995803833	10.9399995803833	10.9399995803833	0.0	0.0
MAP3K21	0.5337318471338811	0.5456919751075798	4.171199989318848	12.789999961853027	20.85599994659424	0.0	0.0
MAP3K6	0.48329343826270443	0.48215026982150266	8.316500186920166	11.84000015258789	16.633000373840332	0.0	0.0
MAP7D1	0.48148148148148145	0.48148148148148145	0.09700000286102295	0.09700000286102295	0.09700000286102295	0.0	0.0
MASP2	0.5469988870827089	0.522615066093327	13.17300021648407	24.600000381469727	26.34600043296814	0.0	0.0
MAST2	0.5229774828317346	0.5460809544861268	9.251166472832361	19.469999313354492	55.50699883699417	0.0	0.0
MATN1	0.4429512058522145	0.7213114754098361	2.54700004006736	5.091000080108643	5.09400008013472	0.0	0.0
MCOLN3	1.0	1.0	0.05400000140070915	0.05400000140070915	0.05400000140070915	0.0	0.0
MECR	1.0	1.0	10.241000175476074	14.3100004196167	20.48200035095215	0.0	0.0
MEF2D	1.0	1.0	5.461999773979187	8.399999618530273	10.923999547958374	0.0	0.0
MEGF6	1.0	1.0	8.280666371186575	19.1299991607666	24.841999113559723	0.0	0.0
MFAP2	0.5311140021580014	0.5353535353535354	0.6289999932050705	0.7609999775886536	1.257999986410141	0.0	0.0
MFSD4A	0.40584489233620813	0.4038532862794461	11.561333179473877	16.809999465942383	34.68399953842163	0.0	0.0
MIA3	1.0	1.0	2.0613333533207574	5.486000061035156	6.184000059962273	0.0	0.0
MIB2	1.0	1.0	6.978999853134155	9.454999923706055	13.95799970626831	0.0	0.0
MIIP	0.425531914893617	0.425531914893617	12.140000343322754	12.140000343322754	12.140000343322754	0.0	0.0
MINDY1	1.0	1.0	10.842000007629395	15.09000015258789	21.68400001525879	0.0	0.0
MMACHC	0.5571428571428572	0.5571428571428572	2.1530001163482666	2.1530001163482666	2.1530001163482666	0.0	0.0
MMEL1	1.0	1.0	0.6689999997615814	1.125	1.3379999995231628	0.0	0.0
MNDA	1.0	1.0	0.35100001096725464	0.35100001096725464	0.35100001096725464	0.0	0.0
MROH7	0.896030288590787	0.7025706496345016	4.70357132596629	16.219999313354492	32.92499928176403	0.0	0.0
MRPL37	0.5235023777756352	0.48745229545796365	5.187666634718577	9.28499984741211	15.562999904155731	0.0	0.0
MRPL9	0.4105436974497181	0.4118654311039484	22.100000381469727	24.100000381469727	44.20000076293945	0.0	0.0
MRPS15	1.0	1.0	5.946000099182129	5.946000099182129	5.946000099182129	0.0	0.0
MRPS21	1.0	1.0	15.920000076293945	15.920000076293945	15.920000076293945	0.0	0.0
MSH4	0.7908959540787295	0.7163244766505636	4.418333242336909	6.5929999351501465	13.254999727010727	0.0	0.0
MST1L	0.5232189326990258	0.5435546634732229	12.455272674560547	17.559999465942383	137.00799942016602	0.0	1.0
MSTO1	1.0	1.0	0.2849999964237213	0.2849999964237213	0.2849999964237213	0.0	0.0
MTARC1	0.46534653465346537	0.46534653465346537	7.098999977111816	7.098999977111816	7.098999977111816	0.0	0.0
MTHFR	0.5086067300700018	0.7373737373737373	15.124999642372131	28.299999237060547	30.249999284744263	0.0	0.0
MTMR11	0.5045871559633027	0.5045871559633027	3.6389999389648438	3.6389999389648438	3.6389999389648438	0.0	0.0
MTOR	0.5455611890778755	0.5345661876566843	2.8912000179290773	7.894999980926514	14.456000089645386	0.0	0.0
MTR	0.35030350820875666	0.42757731958762885	12.52449999935925	25.0	25.0489999987185	0.0	0.0
MTX1	0.45528455284552843	0.45528455284552843	13.600000381469727	13.600000381469727	13.600000381469727	0.0	0.0
MUC1	0.6905697138231239	0.7017412523636873	4.307230770587921	8.850000381469727	55.994000017642975	0.0	0.0
MYBPHL	1.0	1.0	10.625	20.5	21.25	0.0	0.0
MYCL	0.9223427581261625	0.7677165354330708	10.968500256538391	18.270000457763672	21.937000513076782	0.0	0.0
MYOG	0.5	0.5	28.799999237060547	28.799999237060547	28.799999237060547	1.0	0.0
MYOM3	0.8352458746627491	0.8086951913621522	10.543888775631785	28.299999237060547	94.89499898068607	0.0	0.0
MYSM1	0.43667957265184987	0.46754227053140096	5.209666659434636	10.829999923706055	15.62899997830391	0.0	0.0
NADK	0.4253472512855161	0.4595572584078331	3.433000066783279	6.860000133514404	6.866000133566558	0.0	0.0
NASP	0.5000064628044125	0.4980415732998123	5.531666745742162	10.920000076293945	16.595000237226486	0.0	0.0
NAXE	1.0	1.0	7.875750046223402	13.079999923706055	31.503000184893608	0.0	0.0
NBPF1	0.275350020806218	0.37758815502033705	2.807769228059512	15.539999961853027	36.500999964773655	0.0	0.0
NBPF10	0.28832929340644353	0.35439876433665257	5.174666578571002	10.65999984741211	15.523999735713005	0.0	0.0
NBPF11	0.36539075606316396	0.41316444291904414	8.511000165094933	14.100000381469727	25.533000495284796	0.0	0.0
NBPF12	0.3496289603476277	0.4417406776985322	5.532307693018363	16.829999923706055	71.92000000923872	0.0	0.0
NBPF14	0.2857142857142857	0.2857142857142857	3.055000066757202	3.055000066757202	3.055000066757202	0.0	0.0
NBPF15	0.905235083941062	0.7392395290484463	1.001499980688095	1.6549999713897705	2.00299996137619	0.0	0.0
NBPF20	0.5	0.5	8.3149995803833	8.3149995803833	8.3149995803833	0.0	0.0
NBPF26	0.31671715074366774	0.33200478910698666	5.026124968193471	17.399999618530273	40.20899974554777	0.0	0.0
NBPF3	0.3234457668787952	0.30010594450249617	1.9757500290870667	3.6630001068115234	7.903000116348267	0.0	0.0
NBPF4	1.0	1.0	3.6419999599456787	3.6419999599456787	3.6419999599456787	0.0	0.0
NBPF6	0.20833333333333334	0.20833333333333334	2.364000082015991	2.364000082015991	2.364000082015991	0.0	0.0
NBPF7	0.4937706059177313	0.4974410774410774	4.857000112533569	7.703000068664551	14.571000337600708	0.0	0.0
NBPF8	0.4926140094776163	0.5903130525444952	5.356933355766038	25.299999237060547	80.35400033649057	0.0	1.0
NBPF9	0.3267017185894258	0.3969589540434052	7.10187498643063	17.59000015258789	56.81499989144504	0.0	0.0
NCF2	0.5	0.5	16.600000381469727	16.600000381469727	16.600000381469727	0.0	0.0
NCSTN	0.425	0.425	8.300999641418457	8.300999641418457	8.300999641418457	0.0	0.0
NEGR1	1.0	1.0	3.4730000495910645	3.4730000495910645	3.4730000495910645	0.0	0.0
NES	0.5459455057796396	0.5564513642035731	2.1648750244639814	12.130000114440918	17.31900019571185	0.0	0.0
NFASC	0.7891588730213105	0.76	18.725000381469727	21.0	37.45000076293945	0.0	0.0
NFIA	1.0	1.0	2.308000087738037	2.308000087738037	2.308000087738037	0.0	0.0
NFYC	1.0	1.0	10.270000457763672	10.270000457763672	10.270000457763672	0.0	0.0
NGF	0.5370370370370371	0.5370370370370371	21.799999237060547	21.799999237060547	21.799999237060547	0.0	0.0
NIBAN1	0.7686280745770055	0.6201710298797678	2.825250031426549	6.64300012588501	11.301000125706196	0.0	0.0
NID1	0.5089971890577507	0.5848283871211982	2.3105999616906048	9.508999824523926	11.552999808453023	0.0	0.0
NLRP3	0.9707377168569313	0.7702702702702703	1.6564999967813492	3.1019999980926514	3.3129999935626984	0.0	0.0
NME7	1.0	1.0	15.15999984741211	15.15999984741211	15.15999984741211	0.0	0.0
NMNAT2	0.4782608695652174	0.4782608695652174	23.299999237060547	23.299999237060547	23.299999237060547	1.0	0.0
NOC2L	1.0	1.0	3.7885001245886087	8.567000389099121	15.154000498354435	0.0	0.0
NOL9	0.7358404717012752	0.7574011299435028	13.17050015926361	21.200000762939453	52.68200063705444	0.0	0.0
NOTCH2	0.4700854700854701	0.4700854700854701	14.640000343322754	14.640000343322754	14.640000343322754	0.0	0.0
NOTCH2NLA	0.3333333333333333	0.3333333333333333	8.682999610900879	8.682999610900879	8.682999610900879	0.0	0.0
NPHP4	0.4981179546105194	0.4789788088040332	1.5734999999403954	3.134000062942505	6.293999999761581	0.0	0.0
NPHS2	0.9215871523578174	0.8150684931506849	0.39149998873472214	0.6169999837875366	0.7829999774694443	0.0	0.0
NR5A2	0.41739130434782606	0.41739130434782606	3.0230000019073486	3.0230000019073486	3.0230000019073486	0.0	0.0
NRDC	0.36242718201938284	0.3665277777777778	10.806999762852987	17.479999542236328	32.42099928855896	0.0	0.0
NSL1	0.5946986259154448	0.6421504674929333	2.5096666657288247	5.960000038146973	7.5289999971864745	0.0	0.0
NSUN4	0.45944280715764385	0.46077785102175345	17.22000026702881	18.770000457763672	34.44000053405762	0.0	0.0
NTNG1	1.0	1.0	6.730999946594238	6.730999946594238	6.730999946594238	0.0	0.0
NTRK1	1.0	1.0	3.7720000743865967	3.7720000743865967	3.7720000743865967	0.0	0.0
NUAK2	1.0	1.0	6.046999931335449	6.046999931335449	6.046999931335449	0.0	0.0
NUF2	0.6984329592250919	0.6037037037037037	13.449500322341919	19.940000534057617	26.899000644683838	0.0	0.0
NUP133	0.4166666666666667	0.4166666666666667	3.9590001106262207	3.9590001106262207	3.9590001106262207	0.0	0.0
NUP210L	1.0	1.0	0.5249999761581421	0.5249999761581421	0.5249999761581421	0.0	0.0
NVL	0.8127642156401279	0.8596491228070176	5.851333300272624	7.806000232696533	17.55399990081787	0.0	0.0
OBSCN	0.9092149227131787	0.9553490882748243	5.962138904957101	21.700000762939453	214.63700057845563	0.0	0.0
ODF2L	0.37626515493451385	0.3971322537112011	6.237249970436096	7.616000175476074	24.948999881744385	0.0	0.0
OLFM3	0.3392857142857143	0.3392857142857143	14.649999618530273	14.649999618530273	14.649999618530273	0.0	0.0
OLFML2B	0.42105263157894735	0.42105263157894735	7.75600004196167	7.75600004196167	7.75600004196167	0.0	0.0
OPRD1	0.7685185177851035	0.7345679012345678	12.039999961853027	13.579999923706055	24.079999923706055	0.0	0.0
OR10J1	0.5598094556621844	0.7057072829131652	14.180666653982675	27.899999618530273	42.54199996194802	0.0	1.0
OR10J5	0.4184806829765302	0.42810457516339867	2.559499979019165	4.066999912261963	5.11899995803833	0.0	0.0
OR10K2	0.48142022843339205	0.47662688263711284	4.0350000858306885	4.997000217437744	8.070000171661377	0.0	0.0
OR10R2	0.5184305977183605	0.5048421560518335	7.91333336631457	21.0	23.74000009894371	0.0	0.0
OR10T2	0.46498210584597793	0.47206578990593623	14.107400131225585	24.200000762939453	70.53700065612793	0.0	0.0
OR10X1	0.5038566090385159	0.523597747767183	11.996749952435493	35.0	47.986999809741974	0.0	1.0
OR10Z1	0.4107142857142857	0.4107142857142857	3.4079999923706055	3.4079999923706055	3.4079999923706055	0.0	0.0
OR11L1	1.0	1.0	6.916833331187566	19.100000381469727	41.5009999871254	0.0	0.0
OR13G1	1.0	1.0	9.496000289916992	9.496000289916992	9.496000289916992	0.0	0.0
OR14A16	0.9975973642037315	0.9875	3.37650004029274	6.104000091552734	6.75300008058548	0.0	0.0
OR14C36	1.0	1.0	11.633999943733215	18.709999084472656	46.53599977493286	0.0	0.0
OR14I1	1.0	1.0	4.28399991095066	13.649999618530273	21.419999554753304	0.0	0.0
OR1C1	1.0	1.0	5.369500041007996	6.9730000495910645	10.739000082015991	0.0	0.0
OR2AK2	1.0	1.0	16.610000610351562	16.610000610351562	16.610000610351562	0.0	0.0
OR2B11	1.0	1.0	13.611999750137329	24.899999618530273	27.223999500274658	0.0	0.0
OR2C3	1.0	1.0	5.0954999923706055	8.993000030517578	10.190999984741211	0.0	0.0
OR2G2	0.5052959208092843	0.5047169811320755	17.109999656677246	19.209999084472656	34.21999931335449	0.0	0.0
OR2G3	0.46875	0.46875	1.6660000085830688	1.6660000085830688	1.6660000085830688	0.0	0.0
OR2G6	1.0	1.0	0.22599999606609344	0.22599999606609344	0.22599999606609344	0.0	0.0
OR2L8	1.0	1.0	9.761333433911204	33.0	87.85200090520084	0.0	1.0
OR2M2	1.0	1.0	5.0676666249831515	13.869999885559082	15.202999874949455	0.0	0.0
OR2M3	1.0	1.0	0.47200000286102295	0.47200000286102295	0.47200000286102295	0.0	0.0
OR2M4	1.0	1.0	1.3350000381469727	1.3350000381469727	1.3350000381469727	0.0	0.0
OR2M7	1.0	1.0	12.709749817848206	19.520000457763672	50.83899927139282	0.0	0.0
OR2T1	1.0	1.0	3.747999906539917	3.747999906539917	3.747999906539917	0.0	0.0
OR2T11	1.0	1.0	4.662500023841858	6.360000133514404	9.325000047683716	0.0	0.0
OR2T12	1.0	1.0	3.7538001028820873	12.390000343322754	18.769000514410436	0.0	0.0
OR2T27	0.4240846974775248	0.5959939531368104	7.257166604200999	22.899999618530273	43.542999625205994	0.0	0.0
OR2T29	1.0	1.0	0.9779999852180481	0.9779999852180481	0.9779999852180481	0.0	0.0
OR2T33	0.5669656634905635	0.5644995733801631	6.859142984662737	18.3700008392334	48.01400089263916	0.0	0.0
OR2T34	0.6500307317007663	0.6280205312802053	1.2416666296000283	2.372999906539917	3.7249998888000846	0.0	0.0
OR2T35	0.9825013255723369	0.9933333333333333	8.800666769345602	23.100000381469727	26.402000308036804	0.0	0.0
OR2T5	1.0	1.0	3.9560000896453857	3.9560000896453857	3.9560000896453857	0.0	0.0
OR2T6	1.0	1.0	0.3799999952316284	0.3799999952316284	0.3799999952316284	0.0	0.0
OR2T7	0.5121076058219537	0.3959911252499275	7.073666572570801	14.729999542236328	21.220999717712402	0.0	0.0
OR2T8	0.5965584399973096	0.7848887370298743	5.026615421072795	23.5	65.34600047394633	0.0	0.0
OR2W3	1.0	1.0	8.61840000152588	15.170000076293945	43.092000007629395	0.0	0.0
OR2W5	1.0	1.0	9.774499893188477	12.399999618530273	19.548999786376953	0.0	0.0
OR4F5	1.0	1.0	5.002666711807251	9.479000091552734	15.008000135421753	0.0	0.0
OR6K3	0.4	0.4	0.11800000071525574	0.11800000071525574	0.11800000071525574	0.0	0.0
OR6N1	0.979120972217549	0.9153846153846154	9.839833239714304	19.420000076293945	59.03899943828583	0.0	0.0
OR6P1	0.5141368042353374	0.5147182506307821	4.052999973297119	4.986999988555908	8.105999946594238	0.0	0.0
OXCT2	1.0	1.0	0.9829999804496765	0.9829999804496765	0.9829999804496765	0.0	0.0
P3H1	0.5119047619047619	0.5119047619047619	19.25	19.25	19.25	0.0	0.0
P3R3URF-PIK3R3	0.4627764528687708	0.46689723320158105	13.19100022315979	18.43000030517578	26.38200044631958	0.0	0.0
PACC1	0.5	0.5	10.220000267028809	10.220000267028809	10.220000267028809	0.0	0.0
PADI1	0.6281828254939937	0.5652173913043479	3.6489999666810036	7.171999931335449	7.297999933362007	0.0	0.0
PADI2	0.4913539793684385	0.45335271974330765	2.815666697298487	8.163000106811523	8.447000091895461	0.0	0.0
PADI3	0.8018546439630834	0.7461538461538462	8.627000331878662	10.520000457763672	17.254000663757324	0.0	0.0
PADI4	1.0	1.0	6.1170001796912405	17.1200008392334	30.5850008984562	0.0	0.0
PADI6	0.5660377358490566	0.5660377358490566	5.140999794006348	5.140999794006348	5.140999794006348	0.0	0.0
PALMD	0.4883720930232558	0.4883720930232558	0.4099999964237213	0.4099999964237213	0.4099999964237213	0.0	0.0
PANK4	0.5099310999468487	0.5222012281530468	13.546000003814697	17.760000228881836	27.092000007629395	0.0	0.0
PAPPA2	0.5002560126250739	0.5047770700636942	9.12450011074543	17.760000228881836	18.24900022149086	0.0	0.0
PARP1	0.9974686530470765	0.7363636363636363	3.8535000383853912	7.670000076293945	7.7070000767707825	0.0	0.0
PATJ	0.7437727724041904	0.6814081848143572	8.907299917936324	28.5	89.07299917936325	0.0	0.0
PBXIP1	0.5473684210526316	0.5473684210526316	12.079999923706055	12.079999923706055	12.079999923706055	0.0	0.0
PCSK9	0.7962134353519864	0.9066666666666666	6.123400029540062	13.369999885559082	30.61700014770031	0.0	0.0
PDE4B	0.5405405405405406	0.5405405405405406	6.866000175476074	6.866000175476074	6.866000175476074	0.0	0.0
PDE4DIP	0.5439338930237119	0.6943168771526981	14.98324990272522	23.600000381469727	59.93299961090088	0.0	0.0
PDPN	0.7128321316465844	0.7278481012658228	6.7875001430511475	7.1620001792907715	13.575000286102295	0.0	0.0
PEAR1	0.8321976429689112	0.6827505827505828	9.916000366210938	19.290000915527344	29.748001098632812	0.0	0.0
PEF1	0.5466666666666666	0.5466666666666666	4.835000038146973	4.835000038146973	4.835000038146973	0.0	0.0
PER3	0.6472960048760683	0.7243896976483762	2.57280007712543	8.260000228881836	12.86400038562715	0.0	0.0
PERM1	0.8669526738003634	0.7188047083073268	3.318999981241567	13.949999809265137	23.232999868690968	1.0	1.0
PEX10	0.4872295318601406	0.743421052631579	11.258500000461936	22.5	22.517000000923872	0.0	0.0
PEX14	0.3902439024390244	0.3902439024390244	5.303999900817871	5.303999900817871	5.303999900817871	0.0	0.0
PFKFB2	0.47692307692307695	0.47692307692307695	8.354000091552734	8.354000091552734	8.354000091552734	0.0	0.0
PGD	0.4484113476857996	0.4708032708032708	8.083333055178324	21.799999237060547	24.249999165534973	0.0	0.0
PGLYRP4	0.5726685994844304	0.5572510822510822	6.1756666501363116	11.119999885559082	18.526999950408936	0.0	0.0
PGM1	1.0	1.0	23.399999618530273	23.399999618530273	23.399999618530273	0.0	0.0
PHC2	0.5439435263010421	0.5023960898867824	7.8813332716623945	14.819999694824219	23.643999814987183	0.0	0.0
PHGDH	1.0	1.0	0.2709999978542328	0.2709999978542328	0.2709999978542328	0.0	0.0
PIFO	1.0	1.0	1.0839999914169312	1.0839999914169312	1.0839999914169312	0.0	0.0
PIGC	1.0	1.0	16.77150058746338	24.700000762939453	33.54300117492676	0.0	0.0
PIGK	1.0	1.0	8.529000282287598	8.529000282287598	8.529000282287598	0.0	0.0
PIGM	0.48608697308817483	0.49560611532442517	17.480000019073486	24.0	34.96000003814697	0.0	0.0
PIGR	1.0	1.0	9.754999577999115	18.6299991607666	19.50999915599823	0.0	0.0
PIK3C2B	1.0	1.0	2.4805000200867653	4.835000038146973	4.961000040173531	0.0	0.0
PINK1	0.4891304347826087	0.4891304347826087	16.93000030517578	16.93000030517578	16.93000030517578	0.0	0.0
PKLR	0.5428571428571428	0.5428571428571428	8.920999526977539	8.920999526977539	8.920999526977539	0.0	0.0
PKN2	0.603864165809699	0.7027027027027027	10.649499893188477	14.1899995803833	21.298999786376953	0.0	0.0
PKP1	0.5164835164835165	0.5164835164835165	0.13500000536441803	0.13500000536441803	0.13500000536441803	0.0	0.0
PLA2G2C	1.0	1.0	7.191999912261963	7.191999912261963	7.191999912261963	0.0	0.0
PLA2G2D	0.3939393939393939	0.3939393939393939	0.3179999887943268	0.3179999887943268	0.3179999887943268	0.0	0.0
PLA2G4A	1.0	1.0	18.190000534057617	18.190000534057617	18.190000534057617	0.0	0.0
PLCH2	0.5878749263456182	0.5658195970695971	1.4970000088214874	2.3580000400543213	2.994000017642975	0.0	0.0
PLD5	0.5535714285714286	0.5535714285714286	14.59000015258789	14.59000015258789	14.59000015258789	0.0	0.0
PLEKHA6	1.0	1.0	9.76600015287598	17.360000610351562	29.29800045862794	0.0	0.0
PLEKHM2	0.4117647058823529	0.4117647058823529	20.299999237060547	20.299999237060547	20.299999237060547	0.0	0.0
PLEKHN1	0.5114228372590597	0.5071729957805907	5.795500040054321	6.736999988555908	11.591000080108643	0.0	0.0
PLK3	0.36585365853658536	0.36585365853658536	0.16899999976158142	0.16899999976158142	0.16899999976158142	0.0	0.0
PLOD1	0.4213054390648102	0.43134328358208956	10.194999933242798	13.460000038146973	20.389999866485596	0.0	0.0
PLXNA2	0.5128483312663152	0.5345750128008192	13.339000225067139	24.600000381469727	53.356000900268555	0.0	0.0
PM20D1	1.0	1.0	7.010499835014343	13.609999656677246	14.020999670028687	0.0	0.0
PMF1	0.5	0.5	2.5840001106262207	2.5840001106262207	2.5840001106262207	0.0	0.0
PMVK	0.37037037037037035	0.37037037037037035	7.651000022888184	7.651000022888184	7.651000022888184	0.0	0.0
PODN	0.7083281900934366	0.651416658458912	10.699333190917969	14.149999618530273	32.097999572753906	0.0	0.0
POMGNT1	1.0	1.0	18.030000686645508	18.030000686645508	18.030000686645508	0.0	0.0
PPFIA4	0.6362106331355218	0.6586212737127372	17.71133327484131	28.899999618530273	53.133999824523926	0.0	0.0
PPM1J	1.0	1.0	13.699999809265137	13.699999809265137	13.699999809265137	0.0	0.0
PRAMEF1	0.39736138940428506	0.4043930303917135	2.2119999807327986	7.7179999351501465	8.847999922931194	0.0	0.0
PRAMEF10	0.31947992705418016	0.30768915172915984	4.184142735188028	22.799999237060547	29.2889991463162	0.0	1.0
PRAMEF11	1.0	1.0	1.2599999904632568	1.2599999904632568	1.2599999904632568	0.0	0.0
PRAMEF17	0.700917112192994	0.6391540892512219	0.43799999821931124	0.7300000190734863	1.3139999946579337	0.0	0.0
PRAMEF18	0.3304949311579258	0.3482052031262376	2.259300009161234	6.0370001792907715	22.59300009161234	0.0	0.0
PRAMEF19	1.0	1.0	1.784000039100647	1.784000039100647	1.784000039100647	0.0	0.0
PRAMEF20	0.5260869565217391	0.5260869565217391	0.012000000104308128	0.012000000104308128	0.012000000104308128	0.0	0.0
PRAMEF27	0.3712694677756455	0.4281252619471646	2.7841250030323863	7.2270002365112305	22.27300002425909	0.0	0.0
PRAMEF33	0.8279867893125616	0.7578905905338124	4.5141667773326235	21.200000762939453	27.085000663995743	0.0	1.0
PRAMEF4	0.37668161434977576	0.37668161434977576	0.11800000071525574	0.11800000071525574	0.11800000071525574	0.0	0.0
PRAMEF5	0.37945355555432037	0.41010048268956034	1.1679999977350235	3.2249999046325684	5.8399999886751175	0.0	0.0
PRAMEF6	0.2591333840321336	0.25536581645376766	10.449499945156276	20.899999618530273	41.797999780625105	0.0	0.0
PRAMEF7	0.3003890883827865	0.32797675875879145	7.964333256085713	18.0	23.89299976825714	0.0	0.0
PRAMEF8	0.4810381591721905	0.6008771929824561	6.130499854683876	17.209999084472656	24.521999418735504	0.0	0.0
PRCC	0.5445544554455446	0.5445544554455446	22.299999237060547	22.299999237060547	22.299999237060547	0.0	0.0
PRDM16	0.9708768385378246	0.76	7.441499769687653	13.979999542236328	14.882999539375305	0.0	0.0
PRDM2	0.5240195474101641	0.5191167276978662	5.145000101377566	14.430000305175781	30.8700006082654	0.0	0.0
PRG4	0.5279789959430605	0.5031816266329541	11.85700019200643	27.200000762939453	35.57100057601929	0.0	0.0
PRKCZ	0.5972222222222222	0.5972222222222222	0.2240000069141388	0.2240000069141388	0.2240000069141388	0.0	0.0
PROK1	1.0	1.0	3.4200000762939453	3.4200000762939453	3.4200000762939453	0.0	0.0
PRRC2C	0.82593633123648	0.9068627450980392	9.05883327126503	18.90999984741211	54.35299962759018	0.0	0.0
PRSS38	1.0	1.0	2.6589999198913574	2.6589999198913574	2.6589999198913574	0.0	0.0
PRUNE1	1.0	1.0	4.807000160217285	4.807000160217285	4.807000160217285	0.0	0.0
PSEN2	0.4646968238503708	0.4785882876400433	2.192000032713016	5.361000061035156	6.576000098139048	0.0	0.0
PSMB4	1.0	1.0	6.0329999923706055	6.0329999923706055	6.0329999923706055	0.0	0.0
PSRC1	0.5542168674698795	0.5542168674698795	7.020999908447266	7.020999908447266	7.020999908447266	0.0	1.0
PTCH2	0.5071398499925458	0.518804310045186	5.828500032424927	10.670000076293945	11.657000064849854	0.0	0.0
PTGER3	0.48201438848920863	0.48201438848920863	7.165999889373779	7.165999889373779	7.165999889373779	0.0	0.0
PTGFRN	0.8112202260135064	0.8350877192982455	9.364666859308878	17.18000030517578	28.094000577926636	0.0	0.0
PTGS2	0.453125	0.453125	7.452000141143799	7.452000141143799	7.452000141143799	0.0	0.0
PTPN14	0.6333115065307258	0.8255451713395638	9.943333148956299	20.899999618530273	29.829999446868896	0.0	0.0
PTPN22	1.0	1.0	15.539999961853027	15.539999961853027	15.539999961853027	0.0	0.0
PUM1	1.0	1.0	1.003000020980835	1.003000020980835	1.003000020980835	0.0	0.0
QSOX1	1.0	1.0	0.9200000166893005	0.9200000166893005	0.9200000166893005	0.0	0.0
RAB42	0.5632183908045977	0.5632183908045977	15.640000343322754	15.640000343322754	15.640000343322754	0.0	0.0
RABGGTB	1.0	1.0	9.883999824523926	9.883999824523926	9.883999824523926	0.0	0.0
RAD54L	0.53	0.53	10.34000015258789	10.34000015258789	10.34000015258789	0.0	0.0
RAP1GAP	0.32432432432432434	0.32432432432432434	1.5180000066757202	1.5180000066757202	1.5180000066757202	0.0	0.0
RASSF5	0.7110317958055105	0.7572815533980582	7.194999933242798	8.565999984741211	14.389999866485596	0.0	0.0
RBBP4	1.0	1.0	6.0329999923706055	6.0329999923706055	6.0329999923706055	0.0	0.0
RBM15	0.83466889518196	0.7916666666666667	11.355999946594238	13.699999809265137	22.711999893188477	0.0	0.0
RBM34	0.46511627906976744	0.46511627906976744	7.230000019073486	7.230000019073486	7.230000019073486	0.0	0.0
RCAN3	1.0	1.0	0.16933333377043405	0.29600000381469727	0.5080000013113022	0.0	0.0
RERE	0.8628578903611084	0.8839285714285714	0.47650001279544085	1.3220000267028809	1.9060000511817634	0.0	0.0
RFX5	1.0	1.0	3.1029999256134033	3.1029999256134033	3.1029999256134033	0.0	0.0
RGL1	1.0	1.0	0.3319999873638153	0.3319999873638153	0.3319999873638153	0.0	0.0
RGS16	1.0	1.0	13.699999809265137	13.699999809265137	13.699999809265137	0.0	0.0
RGSL1	1.0	1.0	0.007000000216066837	0.007000000216066837	0.007000000216066837	0.0	0.0
RHBG	0.4829673159351551	0.4791920225704027	27.324999809265137	32.0	109.29999923706055	1.0	0.0
RHCE	0.44633751896621443	0.4350840336134454	7.204500198364258	12.640000343322754	14.409000396728516	0.0	0.0
RHD	0.47692307692307695	0.47692307692307695	8.399999618530273	8.399999618530273	8.399999618530273	0.0	0.0
RIMKLA	1.0	1.0	0.9179999828338623	0.9179999828338623	0.9179999828338623	0.0	0.0
RIT1	1.0	1.0	9.319000244140625	9.319000244140625	9.319000244140625	0.0	0.0
RLF	0.4810126582278481	0.4810126582278481	0.009999999776482582	0.009999999776482582	0.009999999776482582	0.0	0.0
RNASEL	1.0	1.0	8.894500343129039	17.780000686645508	17.789000686258078	0.0	0.0
RNF187	0.5714285714285714	0.5714285714285714	11.34000015258789	11.34000015258789	11.34000015258789	0.0	0.0
RNF19B	0.47540983606557374	0.47540983606557374	9.647000312805176	9.647000312805176	9.647000312805176	0.0	0.0
RNF223	1.0	1.0	0.6645000204443932	1.3070000410079956	1.3290000408887863	0.0	0.0
RNPC3	0.4444444444444444	0.4444444444444444	8.560999870300293	8.560999870300293	8.560999870300293	0.0	0.0
RNPEP	0.49549531758567444	0.5484012515262515	9.872500039637089	17.690000534057617	39.490000158548355	0.0	0.0
ROR1	1.0	1.0	0.4169999957084656	0.4440000057220459	0.8339999914169312	0.0	0.0
RPE65	0.47368421052631576	0.47368421052631576	7.554999828338623	7.554999828338623	7.554999828338623	0.0	0.0
RPF1	0.49411764705882355	0.49411764705882355	3.2109999656677246	3.2109999656677246	3.2109999656677246	0.0	0.0
RPS6KA1	1.0	1.0	7.601000189781189	13.0600004196167	15.202000379562378	0.0	0.0
RPTN	1.0	1.0	10.34000015258789	10.34000015258789	10.34000015258789	0.0	0.0
RRAGC	0.6176470588235294	0.6176470588235294	8.673999786376953	8.673999786376953	8.673999786376953	0.0	0.0
RRNAD1	1.0	1.0	14.829999923706055	14.829999923706055	14.829999923706055	0.0	0.0
RSBN1	0.47307616029233823	0.463393421884883	6.200000047683716	6.827000141143799	12.400000095367432	0.0	0.0
RSC1A1	0.4634146341463415	0.4634146341463415	16.170000076293945	16.170000076293945	16.170000076293945	0.0	0.0
RSRP1	0.5694444444444444	0.5694444444444444	14.920000076293945	14.920000076293945	14.920000076293945	0.0	0.0
RUNX3	0.45500001311302185	0.45500001311302185	24.0	24.0	24.0	0.0	0.0
RUSC1	1.0	1.0	11.229999542236328	11.229999542236328	11.229999542236328	0.0	0.0
RWDD3	1.0	1.0	2.111000008881092	4.105000019073486	4.222000017762184	0.0	0.0
RXFP4	1.0	1.0	2.994999885559082	2.994999885559082	2.994999885559082	0.0	0.0
RXRG	1.0	1.0	3.253000020980835	3.253000020980835	3.253000020980835	0.0	0.0
RYR2	0.9646435476391186	0.9132486388384755	1.0455714019813709	3.8239998817443848	7.3189998138695955	0.0	0.0
S100A7	1.0	1.0	0.6370000243186951	0.6370000243186951	0.6370000243186951	0.0	0.0
SAMD11	0.9803841031024395	0.7203389830508474	7.798500090837479	15.050000190734863	15.597000181674957	0.0	0.0
SCAMP3	0.4700854700854701	0.4700854700854701	3.367000102996826	3.367000102996826	3.367000102996826	0.0	0.0
SCP2	0.5	0.5	2.8350000381469727	2.8350000381469727	2.8350000381469727	0.0	0.0
SCYL3	0.47352445887168504	0.46902772840383933	2.474000006914139	4.651000022888184	4.948000013828278	0.0	0.0
SDC3	0.4074074074074074	0.4074074074074074	21.700000762939453	21.700000762939453	21.700000762939453	0.0	0.0
SDCCAG8	0.44694633635301567	0.5901162790697675	14.107333024342855	22.299999237060547	42.321999073028564	0.0	0.0
SDF4	1.0	1.0	1.0670000314712524	1.0670000314712524	1.0670000314712524	0.0	0.0
SDHB	0.4882294828593367	0.7195121951219512	11.947999596595764	21.799999237060547	23.89599919319153	1.0	0.0
SEC16B	0.9565217391304348	0.9565217391304348	0.9580000042915344	0.9580000042915344	0.9580000042915344	0.0	0.0
SEC22B	1.0	1.0	9.98900032043457	9.98900032043457	9.98900032043457	0.0	0.0
SELENON	1.0	1.0	12.380666732788086	14.399999618530273	37.14200019836426	0.0	0.0
SELP	0.5447338936560635	0.5411904761904762	1.9465000331401825	3.2060000896453857	3.893000066280365	0.0	0.0
SEMA6C	1.0	1.0	11.377500295639038	18.350000381469727	22.755000591278076	0.0	0.0
SERINC2	0.4	0.4	10.300000190734863	10.300000190734863	10.300000190734863	0.0	0.0
SERPINC1	0.4553720298333983	0.4547766475011057	8.86549997329712	9.57800006866455	17.73099994659424	0.0	0.0
SF3A3	0.48	0.48	10.829999923706055	10.829999923706055	10.829999923706055	0.0	0.0
SFN	0.45454545454545453	0.45454545454545453	23.899999618530273	23.899999618530273	23.899999618530273	0.0	0.0
SH2D2A	0.5	0.5	0.008999999612569809	0.008999999612569809	0.008999999612569809	0.0	0.0
SH2D5	1.0	1.0	2.865999937057495	2.865999937057495	2.865999937057495	0.0	0.0
SHC1	0.43770942014843967	0.4475359911406423	12.138999938964844	15.079999923706055	24.277999877929688	0.0	0.0
SHE	0.6124031007751938	0.6124031007751938	10.819999694824219	10.819999694824219	10.819999694824219	0.0	0.0
SHISA4	1.0	1.0	16.399999618530273	16.399999618530273	16.399999618530273	0.0	0.0
SIPA1L2	0.5934713609525268	0.6991808650065531	5.384400033950806	12.1899995803833	26.92200016975403	0.0	0.0
SLAMF6	0.5283018867924528	0.5283018867924528	0.9819999933242798	0.9819999933242798	0.9819999933242798	0.0	0.0
SLAMF9	0.9864864864864865	0.9864864864864865	4.688000202178955	4.688000202178955	4.688000202178955	0.0	0.0
SLC16A1	0.5842696629213483	0.5842696629213483	1.277999997138977	1.277999997138977	1.277999997138977	0.0	0.0
SLC16A4	0.38181818181818183	0.38181818181818183	10.420000076293945	10.420000076293945	10.420000076293945	0.0	0.0
SLC1A7	0.4618539112456572	0.6070430168107357	5.410999926738441	17.06999969482422	21.643999706953764	0.0	0.0
SLC22A15	0.4557354105242239	0.4686131862737578	6.297249913215637	9.161999702453613	25.18899965286255	0.0	0.0
SLC25A24	0.3888888888888889	0.3888888888888889	9.293999671936035	9.293999671936035	9.293999671936035	0.0	0.0
SLC35A3	0.5	0.5	10.6899995803833	10.6899995803833	10.6899995803833	0.0	0.0
SLC35E2A	0.9180987466326886	0.6754797876684361	0.4594999887049198	0.8209999799728394	0.9189999774098396	0.0	0.0
SLC35E2B	0.32900089590717757	0.4330434782608696	7.157499939203262	14.119999885559082	14.314999878406525	0.0	0.0
SLC35F3	1.0	1.0	3.2179999351501465	3.2179999351501465	3.2179999351501465	0.0	0.0
SLC41A1	1.0	1.0	3.0769999027252197	3.0769999027252197	3.0769999027252197	0.0	0.0
SLC44A3	1.0	1.0	15.1899995803833	15.1899995803833	15.1899995803833	0.0	0.0
SLC44A5	0.904224570107655	0.7125	2.4825000166893005	4.138000011444092	4.965000033378601	0.0	0.0
SLC45A1	0.5204154359477332	0.6280135004821601	2.287666681377838	6.802000045776367	6.863000044133514	0.0	0.0
SLC5A9	0.5963628246695826	0.5941054426145136	17.544749915599823	35.0	70.17899966239929	0.0	1.0
SLC66A1	1.0	1.0	0.8550000190734863	0.8550000190734863	0.8550000190734863	0.0	0.0
SLC6A17	0.4929326767784328	0.4911597243032664	6.168000001460314	12.25	12.336000002920628	0.0	0.0
SLC6A9	0.4725274725274725	0.4725274725274725	0.9300000071525574	0.9300000071525574	0.9300000071525574	0.0	0.0
SLC9A1	0.9384268650584873	0.76	2.307499885559082	4.0229997634887695	4.614999771118164	0.0	0.0
SLFNL1	0.5231470660210059	0.5166765227675931	17.295000076293945	27.100000381469727	34.59000015258789	0.0	0.0
SMAP2	0.48148148148148145	0.48148148148148145	0.4569999873638153	0.4569999873638153	0.4569999873638153	0.0	0.0
SMG5	0.5346534653465347	0.5346534653465347	0.9599999785423279	0.9599999785423279	0.9599999785423279	0.0	0.0
SMG7	1.0	1.0	5.953999996185303	5.953999996185303	5.953999996185303	0.0	0.0
SMPDL3B	1.0	1.0	23.5	23.5	23.5	0.0	0.0
SMYD2	1.0	1.0	13.630000114440918	13.630000114440918	13.630000114440918	0.0	0.0
SMYD3	1.0	1.0	8.843999922275543	15.90999984741211	17.687999844551086	0.0	0.0
SNAP47	0.44776119402985076	0.44776119402985076	11.579999923706055	11.579999923706055	11.579999923706055	0.0	0.0
SNIP1	0.4838709677419355	0.4838709677419355	13.289999961853027	13.289999961853027	13.289999961853027	0.0	0.0
SNX7	1.0	1.0	5.64900004863739	7.933000087738037	11.29800009727478	0.0	0.0
SOAT1	0.41975308641975306	0.41975308641975306	3.9000000953674316	3.9000000953674316	3.9000000953674316	0.0	0.0
SORT1	0.496784597896871	0.49745278875713655	9.357000033060709	9.805000305175781	28.07100009918213	0.0	0.0
SPAG17	0.40212743042570503	0.39232804232804225	6.852666735649109	18.260000228881836	20.558000206947327	0.0	0.0
SPATA1	0.4032119269430886	0.3943965517241379	11.385499715805054	16.559999465942383	22.770999431610107	0.0	0.0
SPATA21	0.48069277118078746	0.4984109652728465	7.615000009536743	16.079999923706055	22.84500002861023	0.0	0.0
SPATA45	0.42857142857142855	0.42857142857142855	0.0020000000949949026	0.0020000000949949026	0.0020000000949949026	0.0	0.0
SPATA46	1.0	1.0	0.6800000052899122	1.3140000104904175	1.3600000105798244	0.0	0.0
SPATA6	0.5443037974683544	0.5443037974683544	25.399999618530273	25.399999618530273	25.399999618530273	0.0	0.0
SPEN	1.0	1.0	8.465500116348267	9.279000282287598	16.931000232696533	0.0	0.0
SPOCD1	0.5997270593463756	0.7897196261682242	7.286499947309494	13.869999885559082	14.572999894618988	0.0	0.0
SPRR1A	0.4884092785825402	0.4873966942148761	8.749500036239624	9.848999977111816	17.499000072479248	0.0	0.0
SPRR1B	0.4250017755100003	0.43648555543787443	1.9540000359217327	3.9070000648498535	5.862000107765198	0.0	0.0
SPRR2A	0.456	0.456	6.0289998054504395	6.0289998054504395	6.0289998054504395	0.0	0.0
SPRR3	0.5323636204411438	0.5506108669683073	0.2809999908010165	0.5759999752044678	0.8429999724030495	0.0	0.0
SPRR4	0.5157232704402516	0.5157232704402516	3.4079999923706055	3.4079999923706055	3.4079999923706055	0.0	0.0
SPRTN	1.0	1.0	6.710000038146973	6.710000038146973	6.710000038146973	0.0	0.0
SPSB1	0.5232558139534884	0.5232558139534884	7.889999866485596	7.889999866485596	7.889999866485596	0.0	0.0
SPTA1	0.5678365657806563	0.6293182875789611	7.072500097751617	19.940000534057617	70.72500097751617	0.0	0.0
SRGAP2	0.468917888196619	0.4731313131313131	6.617999960978826	10.380000114440918	19.853999882936478	0.0	0.0
SRGAP2C	1.0	1.0	11.914000272750854	17.450000762939453	23.82800054550171	0.0	0.0
SRM	1.0	1.0	13.119999885559082	13.119999885559082	13.119999885559082	0.0	0.0
SRSF4	1.0	1.0	8.196999867757162	15.569999694824219	24.590999603271484	0.0	0.0
SSX2IP	0.48270998567631157	0.4526469159786304	6.810499828308821	13.609999656677246	13.620999656617641	0.0	0.0
ST3GAL3	0.3333333333333333	0.3333333333333333	2.2980000972747803	2.2980000972747803	2.2980000972747803	0.0	0.0
ST6GALNAC3	1.0	1.0	15.119999885559082	15.119999885559082	15.119999885559082	0.0	0.0
STIL	0.4576029752430741	0.42044757617276707	6.920333425203959	17.43000030517578	20.761000275611877	0.0	0.0
STPG1	0.4486631267862615	0.47662753491873816	8.213500275276601	22.200000762939453	32.854001101106405	0.0	0.0
STX6	0.2916666666666667	0.2916666666666667	4.4629998207092285	4.4629998207092285	4.4629998207092285	0.0	0.0
STXBP3	0.5714285714285714	0.5714285714285714	8.180999755859375	8.180999755859375	8.180999755859375	0.0	0.0
STYXL2	0.4815310368983655	0.614103285978286	8.417249837890267	14.210000038146973	33.66899935156107	0.0	0.0
SUCO	0.6597046877378032	0.5531098293679404	7.0442000269889835	14.079999923706055	35.221000134944916	0.0	0.0
SWT1	0.3892522357221788	0.4418440323612738	11.864750027656555	22.600000381469727	47.45900011062622	0.0	0.0
SYDE2	1.0	1.0	1.0266666809717815	1.218999981880188	3.0800000429153442	0.0	0.0
SYNC	0.49748971161569094	0.4809729310839983	9.039199976623058	26.200000762939453	45.19599988311529	0.0	0.0
SYT11	1.0	1.0	7.306499898433685	13.489999771118164	14.61299979686737	0.0	0.0
SYT14	1.0	1.0	6.25600004196167	6.25600004196167	6.25600004196167	0.0	0.0
SYT2	1.0	1.0	6.093999862670898	6.093999862670898	6.093999862670898	0.0	0.0
SYT6	0.5258130008717334	0.5089307048984468	11.588500190526247	23.100000381469727	23.177000381052494	0.0	0.0
SYTL1	0.5653180510538981	0.6231306876817713	9.969499826431274	13.90999984741211	39.8779993057251	0.0	0.0
SZT2	0.9999015744376559	0.9964912280701754	9.411333421866098	17.850000381469727	28.234000265598297	0.0	0.0
TACSTD2	0.5036496350364964	0.5036496350364964	20.200000762939453	20.200000762939453	20.200000762939453	0.0	0.0
TAF1A	0.5104963097408914	0.6851851851851851	14.27750039100647	22.200000762939453	28.55500078201294	0.0	0.0
TAF5L	0.5203775804683138	0.6453651207710869	2.263999968767166	7.316999912261963	9.055999875068665	0.0	0.0
TARBP1	1.0	1.0	0.24133332818746567	0.4779999852180481	0.723999984562397	0.0	0.0
TAS1R1	1.0	1.0	1.9930000305175781	1.9930000305175781	1.9930000305175781	0.0	0.0
TAS1R2	0.5264000205158518	0.4739456353217487	2.9094285342310156	11.90999984741211	20.36599973961711	0.0	0.0
TAS1R3	1.0	1.0	1.031999945640564	1.031999945640564	1.031999945640564	0.0	0.0
TATDN3	0.49056603773584906	0.49056603773584906	13.760000228881836	13.760000228881836	13.760000228881836	0.0	0.0
TCHH	0.6915779772307342	0.8492063492063492	9.211250151507556	18.84000015258789	36.845000606030226	0.0	0.0
TCTEX1D1	0.5507246376811594	0.5507246376811594	1.8650000095367432	1.8650000095367432	1.8650000095367432	0.0	0.0
TCTEX1D4	0.4972067039106145	0.4972067039106145	8.800999641418457	8.800999641418457	8.800999641418457	0.0	0.0
TDRD10	0.9923664122137404	0.9923664122137404	8.604999542236328	8.604999542236328	8.604999542236328	0.0	0.0
TDRD5	1.0	1.0	12.742499947547913	22.5	25.484999895095825	0.0	0.0
TEDDM1	0.5317362559346532	0.7645161290322581	5.486499924212694	10.90999984741211	10.972999848425388	0.0	0.0
TEKT2	1.0	1.0	0.6119999885559082	0.6119999885559082	0.6119999885559082	0.0	0.0
TENT5C	0.46523723629187885	0.4681634515119917	5.980999946594238	6.744999885559082	11.961999893188477	0.0	0.0
TEX35	0.4230769230769231	0.4230769230769231	16.989999771118164	16.989999771118164	16.989999771118164	0.0	0.0
TFB2M	1.0	1.0	2.9590001106262207	2.9590001106262207	2.9590001106262207	0.0	0.0
TGFBR3	0.8958320235534069	0.668997668997669	4.154666657249133	10.039999961853027	12.463999971747398	0.0	0.0
THAP3	0.46017699115044247	0.46017699115044247	0.004999999888241291	0.004999999888241291	0.004999999888241291	0.0	0.0
THEM4	1.0	1.0	3.158999964594841	6.000999927520752	6.317999929189682	0.0	0.0
THEM5	0.9374679740433881	0.8586956521739131	6.476333459218343	15.770000457763672	19.42900037765503	0.0	0.0
THEMIS2	1.0	1.0	5.437000048657258	11.680000305175781	16.311000145971775	0.0	0.0
THRAP3	1.0	1.0	9.487499952316284	14.369999885559082	18.97499990463257	0.0	0.0
TIE1	1.0	1.0	11.529999732971191	11.529999732971191	11.529999732971191	0.0	0.0
TIMM17A	0.725	0.725	23.299999237060547	23.299999237060547	23.299999237060547	0.0	0.0
TLR5	0.49469581587088446	0.6610866731834474	13.343333333420256	40.0	40.03000000026077	0.0	1.0
TMCC2	0.4576896941026459	0.47475206135040077	3.831666742451489	8.92300033569336	11.495000227354467	0.0	0.0
TMCO4	0.4175824175824176	0.4175824175824176	1.931000031530857	3.7820000648498535	3.862000063061714	0.0	0.0
TMED5	1.0	1.0	26.399999618530273	26.399999618530273	26.399999618530273	0.0	0.0
TMEM201	0.5169491525423728	0.5169491525423728	0.4959999918937683	0.4959999918937683	0.4959999918937683	0.0	0.0
TMEM222	0.4431818181818182	0.4431818181818182	8.694999694824219	8.694999694824219	8.694999694824219	0.0	0.0
TMEM51	0.5740740740740741	0.5740740740740741	2.1489999294281006	2.1489999294281006	2.1489999294281006	0.0	0.0
TMEM52	0.4479166666666667	0.4479166666666667	9.600000381469727	9.600000381469727	9.600000381469727	0.0	0.0
TMEM61	1.0	1.0	4.51200008392334	4.51200008392334	4.51200008392334	0.0	0.0
TMEM79	0.4338235294117647	0.4338235294117647	7.021999835968018	7.021999835968018	7.021999835968018	0.0	0.0
TMEM81	1.0	1.0	9.986999750137329	14.479999542236328	19.973999500274658	0.0	0.0
TMEM9	0.9165310752833816	0.771186440677966	6.146000146865845	10.050000190734863	12.29200029373169	0.0	0.0
TNFRSF14	0.43137254901960786	0.43137254901960786	7.605999946594238	7.605999946594238	7.605999946594238	0.0	0.0
TNFRSF9	0.5576923076923077	0.5576923076923077	5.883999824523926	5.883999824523926	5.883999824523926	0.0	0.0
TNN	0.504659799425898	0.6012236101637688	5.725600057840348	18.68000030517578	28.628000289201736	0.0	0.0
TNNT2	0.9110631529768797	0.75	4.4019999504089355	7.23799991607666	8.803999900817871	0.0	0.0
TNR	0.48563309020756973	0.45063518752043347	5.168142889227186	15.600000381469727	36.1770002245903	0.0	0.0
TOR1AIP1	1.0	1.0	9.451000183820724	14.520000457763672	37.8040007352829	0.0	1.0
TOR3A	0.4814707581848465	0.7272727272727273	3.453999951481819	6.566999912261963	6.907999902963638	0.0	0.0
TP53BP2	0.46132907449658367	0.4739583333333333	4.07200010617574	5.2870001792907715	12.216000318527222	0.0	0.0
TP73	0.5664632600913401	0.6576587592728459	4.156000018119812	10.09000015258789	12.468000054359436	0.0	0.0
TPR	0.3870967741935484	0.3870967741935484	25.299999237060547	25.299999237060547	25.299999237060547	0.0	0.0
TRABD2B	1.0	1.0	4.1570000648498535	4.1570000648498535	4.1570000648498535	0.0	0.0
TRAF3IP3	1.0	1.0	17.079999923706055	17.079999923706055	17.079999923706055	0.0	0.0
TRAF5	0.4857142857142857	0.4857142857142857	1.8079999685287476	1.8079999685287476	1.8079999685287476	0.0	0.0
TRIM33	0.5520833333333334	0.5520833333333334	17.489999771118164	17.489999771118164	17.489999771118164	0.0	0.0
TRIM45	0.5847833106975485	0.6702372393961179	17.631333510080974	36.0	52.89400053024292	0.0	1.0
TRIM46	0.42424242424242425	0.42424242424242425	0.9380000233650208	0.9380000233650208	0.9380000233650208	0.0	0.0
TRIM58	0.4499508656312612	0.48962641602066165	5.849800089001656	18.950000762939453	29.249000445008278	0.0	0.0
TRIM62	0.5454545454545454	0.5454545454545454	13.949999809265137	13.949999809265137	13.949999809265137	0.0	0.0
TRMT13	1.0	1.0	22.0	22.700000762939453	44.0	0.0	0.0
TRNP1	1.0	1.0	16.229999542236328	16.229999542236328	16.229999542236328	0.0	0.0
TSEN15	0.539670925833547	0.5391156462585034	19.524999618530273	20.799999237060547	39.04999923706055	0.0	0.0
TSHB	1.0	1.0	2.687999963760376	2.687999963760376	2.687999963760376	0.0	0.0
TSPAN2	0.45454545454545453	0.45454545454545453	7.548999786376953	7.548999786376953	7.548999786376953	0.0	0.0
TTC13	1.0	1.0	7.118000030517578	7.118000030517578	7.118000030517578	0.0	0.0
TTC22	0.5275890077827752	0.6222222222222222	9.044666439294815	21.299999237060547	27.133999317884445	0.0	0.0
TTC24	0.40929220421639306	0.6933962264150944	8.585000455379486	16.540000915527344	17.170000910758972	0.0	0.0
TTC34	1.0	1.0	7.065000057220459	7.065000057220459	7.065000057220459	0.0	0.0
TTC39A	0.44954128440366975	0.44954128440366975	7.5929999351501465	7.5929999351501465	7.5929999351501465	0.0	0.0
TTC4	0.44155844155844154	0.44155844155844154	19.969999313354492	19.969999313354492	19.969999313354492	0.0	0.0
TTF2	1.0	1.0	6.442500054836273	11.130000114440918	12.885000109672546	0.0	0.0
TUT4	0.484375	0.484375	0.1679999977350235	0.1679999977350235	0.1679999977350235	0.0	0.0
TYW3	0.4426229508196721	0.4426229508196721	8.907999992370605	8.907999992370605	8.907999992370605	0.0	0.0
UBE2T	0.43478260869565216	0.43478260869565216	5.841000080108643	5.841000080108643	5.841000080108643	0.0	0.0
UBE4B	0.5907045074098066	0.5568181818181819	14.219500303268433	22.700000762939453	28.439000606536865	0.0	0.0
UBQLN4	1.0	1.0	16.950000762939453	16.950000762939453	16.950000762939453	0.0	0.0
UBR4	0.5021887849393505	0.5018336182241196	5.829857220540622	15.890000343322754	40.80900054378435	0.0	0.0
UBXN11	0.6460724988827891	0.7211360852063905	2.8687999546527863	11.779999732971191	14.343999773263931	0.0	0.0
UCK2	0.5135135135135135	0.5135135135135135	11.300000190734863	11.300000190734863	11.300000190734863	0.0	0.0
UQCRHL	0.4622567199659108	0.47289213834272115	9.272666613260904	18.229999542236328	27.817999839782715	0.0	0.0
URB2	0.4771306252600881	0.486716463884183	4.644999831914902	9.109999656677246	9.289999663829803	0.0	0.0
USH2A	0.68121005925267	0.7246281581253305	10.029750081070233	23.899999618530273	120.3570009728428	0.0	0.0
USP24	1.0	1.0	17.579999446868896	20.299999237060547	35.15999889373779	0.0	0.0
UTP25	1.0	1.0	8.078499961644411	16.079999923706055	16.156999923288822	0.0	0.0
UTS2	0.8389418560017695	0.7298850574712643	1.2024999856948853	1.687999963760376	2.4049999713897705	0.0	0.0
VANGL2	0.5263157894736842	0.5263157894736842	11.100000381469727	11.100000381469727	11.100000381469727	0.0	0.0
VASH2	0.4235294117647059	0.4235294117647059	22.600000381469727	22.600000381469727	22.600000381469727	0.0	0.0
VAV3	0.475732667463751	0.48039112050739957	16.81999969482422	20.899999618530273	50.459999084472656	0.0	0.0
VCAM1	1.0	1.0	4.383999824523926	4.383999824523926	4.383999824523926	0.0	0.0
VN1R5	1.0	1.0	0.7339999973773956	1.1169999837875366	1.4679999947547913	0.0	0.0
VPS13D	0.46774193548387094	0.46774193548387094	0.18799999356269836	0.18799999356269836	0.18799999356269836	0.0	0.0
WARS2	0.5136986301369864	0.5136986301369864	18.239999771118164	18.239999771118164	18.239999771118164	0.0	0.0
WDR26	0.5033112582781457	0.5033112582781457	10.529999732971191	10.529999732971191	10.529999732971191	0.0	0.0
WDR64	1.0	1.0	0.1979999989271164	0.1979999989271164	0.1979999989271164	0.0	0.0
WLS	0.5094339622641509	0.5094339622641509	18.950000762939453	18.950000762939453	18.950000762939453	0.0	0.0
WNT9A	0.48484848484848486	0.48484848484848486	0.9959999918937683	0.9959999918937683	0.9959999918937683	0.0	0.0
WRAP73	1.0	1.0	0.7450000047683716	0.7450000047683716	0.7450000047683716	0.0	0.0
YY1AP1	0.5056179775280899	0.5056179775280899	28.700000762939453	28.700000762939453	28.700000762939453	0.0	0.0
ZBED6	0.39332416981131046	0.40999740999740997	15.92033322652181	23.600000381469727	47.76099967956543	0.0	0.0
ZBTB17	0.6891255924087498	0.7803468208092486	8.394000053405762	11.880000114440918	16.788000106811523	0.0	0.0
ZBTB18	0.4557823129251701	0.4557823129251701	9.86400032043457	9.86400032043457	9.86400032043457	0.0	0.0
ZBTB40	0.9967334512055342	0.8160919540229884	9.120666921138763	17.040000915527344	27.36200076341629	0.0	0.0
ZBTB8OS	0.4838709677419355	0.4838709677419355	7.953000068664551	7.953000068664551	7.953000068664551	0.0	0.0
ZC3H11A	1.0	1.0	11.270000457763672	11.270000457763672	11.270000457763672	0.0	0.0
ZC3H11B	0.33714285714285713	0.33714285714285713	7.795000076293945	7.795000076293945	7.795000076293945	0.0	0.0
ZFP69	0.5288461538461539	0.5288461538461539	3.9579999446868896	3.9579999446868896	3.9579999446868896	0.0	0.0
ZFP69B	0.4118770718850401	0.43403361344537816	0.9610000252723694	1.3730000257492065	1.9220000505447388	0.0	0.0
ZMYM1	1.0	1.0	0.6209999918937683	0.6209999918937683	0.6209999918937683	0.0	0.0
ZMYND12	0.5942028985507246	0.5942028985507246	17.530000686645508	17.530000686645508	17.530000686645508	0.0	0.0
ZNF326	0.4045253913872207	0.4403007075471698	1.7685000002384186	3.2039999961853027	3.537000000476837	0.0	0.0
ZNF436	0.4768211920529801	0.4768211920529801	8.295000076293945	8.295000076293945	8.295000076293945	0.0	0.0
ZNF593	0.5	0.5	13.930000305175781	13.930000305175781	13.930000305175781	0.0	0.0
ZNF669	0.5204081632653061	0.5204081632653061	5.415999889373779	5.415999889373779	5.415999889373779	0.0	0.0
ZNF683	0.5108695501397402	0.4854406130268199	11.052000001072884	22.0	22.104000002145767	0.0	0.0
ZNF695	1.0	1.0	4.232333287596703	6.633999824523926	12.696999862790108	0.0	0.0
ZRANB2	0.5294117647058824	0.5294117647058824	6.718999862670898	6.718999862670898	6.718999862670898	0.0	0.0
ZSCAN20	0.9009264722603602	0.8556701030927835	6.395333270231883	14.289999961853027	19.185999810695648	0.0	0.0
ZSWIM5	1.0	1.0	5.979000091552734	5.979000091552734	5.979000091552734	0.0	0.0
ZYG11A	0.5572794013764453	0.6448459457100463	9.329333086808523	25.799999237060547	27.987999260425568	0.0	0.0
ZYG11B	0.4714285714285714	0.4714285714285714	8.97700023651123	8.97700023651123	8.97700023651123	0.0	0.0
ZZZ3	0.5286624203821656	0.5286624203821656	7.296999931335449	7.296999931335449	7.296999931335449	0.0	0.0
