Gene	CADD_weighted_avg_AF	avg_AF	avg_CADD_PHRED	max_CADD_PHRED	sum_CADD_PHRED	HFI	LoH
ABCA4	0.48353123106300877	0.6108196187643806	7.632124961353838	23.5	61.05699969083071	1.0	0.0
ABCB10	0.42857142857142855	0.42857142857142855	0.05299999937415123	0.05299999937415123	0.05299999937415123	0.0	0.0
ABCD3	1.0	1.0	4.314000129699707	4.314000129699707	4.314000129699707	0.0	0.0
ACADM	0.5123020118146436	0.510974488623305	5.795500040054321	6.296999931335449	11.591000080108643	0.0	0.0
ACKR1	0.46547483273570356	0.7215189873417721	8.440000385046005	16.200000762939453	16.88000077009201	0.0	0.0
ACP6	0.4573422679051897	0.4667712246800773	6.609333356221517	12.680000305175781	19.82800006866455	0.0	0.0
ACTL8	0.6131950387832922	0.6639097744360902	1.8049999835590522	4.434999942779541	5.4149999506771564	0.0	0.0
ACTN2	1.0	1.0	3.6684999465942383	5.704999923706055	7.336999893188477	0.0	0.0
ACTRT2	1.0	1.0	25.100000381469727	25.100000381469727	25.100000381469727	0.0	0.0
ADAM15	0.7109837646057608	0.7447552447552448	6.18999981880188	7.008999824523926	12.37999963760376	0.0	0.0
ADAMTS4	0.756692560716464	0.644527523923813	3.8363332748413086	6.193999767303467	11.508999824523926	0.0	0.0
ADAMTSL4	0.5900535344525225	0.6933811934535136	0.8181999959051609	2.99399995803833	4.0909999795258045	0.0	0.0
ADAR	0.5076827581614659	0.714913650725262	2.98850005492568	9.517000198364258	11.95400021970272	0.0	0.0
ADCY10	0.8074291362035884	0.6666666666666666	0.3410000056028366	0.48500001430511475	0.6820000112056732	0.0	0.0
ADGRB2	0.5070750545258347	0.51623056243929	7.065399942919612	22.899999618530273	35.32699971459806	0.0	0.0
ADGRL2	1.0	1.0	1.6109999418258667	1.6109999418258667	1.6109999418258667	0.0	0.0
ADGRL4	0.4936204764300479	0.4822935779816514	19.494999885559082	29.399999618530273	38.989999771118164	0.0	0.0
ADORA1	0.5152354570637119	0.5152354570637119	1.0529999732971191	1.0529999732971191	1.0529999732971191	0.0	0.0
ADORA3	0.5434782608695652	0.5434782608695652	5.3420000076293945	5.3420000076293945	5.3420000076293945	0.0	0.0
AGBL4	1.0	1.0	2.9179999828338623	2.9179999828338623	2.9179999828338623	0.0	0.0
AGL	0.5684889659861789	0.6551157008988334	14.36466677983602	22.600000381469727	43.09400033950806	0.0	0.0
AGMAT	0.43507730044877674	0.43202764976958524	4.650000125169754	8.753000259399414	9.300000250339508	0.0	0.0
AGO4	1.0	1.0	0.3630000054836273	0.3630000054836273	0.3630000054836273	0.0	0.0
AGRN	0.46164348384617593	0.6050704274644466	1.823999984189868	6.579999923706055	7.295999936759472	0.0	0.0
AGT	1.0	1.0	1.5239999741315842	2.9579999446868896	3.0479999482631683	0.0	0.0
AHCTF1	0.8	0.8	1.3819999694824219	1.3819999694824219	1.3819999694824219	0.0	0.0
AHDC1	1.0	1.0	7.379000186920166	7.379000186920166	7.379000186920166	0.0	0.0
AJAP1	0.4978262977200326	0.4973030994230511	13.263999938964844	22.5	26.527999877929688	0.0	0.0
AKNAD1	0.5204731833853824	0.5756749424821861	0.5711999945342541	1.2009999752044678	2.8559999726712704	0.0	0.0
AKR7A3	0.7909908210357568	0.8738738738738738	14.060332934061686	23.299999237060547	42.18099880218506	0.0	0.0
AKR7L	0.7940177676435616	0.8590909090909091	15.118250381201506	24.700000762939453	60.47300152480602	0.0	0.0
ALDH4A1	0.5602832764339228	0.8378787878787879	1.887000059708953	8.680000305175781	9.435000298544765	0.0	0.0
ALDH9A1	0.4695853488895795	0.6706441922563418	5.669333055615425	16.8799991607666	17.007999166846275	0.0	0.0
ALG6	1.0	1.0	13.4399995803833	13.4399995803833	13.4399995803833	0.0	0.0
ALPL	1.0	1.0	1.190000057220459	1.190000057220459	1.190000057220459	0.0	0.0
AMPD1	0.4966221459444506	0.4958334999400216	33.55000019073486	38.0	67.10000038146973	0.0	1.0
AMPD2	0.5238095238095238	0.5238095238095238	2.6540000438690186	2.6540000438690186	2.6540000438690186	0.0	0.0
ANKRD35	0.5168236395535917	0.6308502379930951	4.910750098526478	13.220000267028809	19.64300039410591	0.0	0.0
ANP32E	1.0	1.0	6.816999912261963	6.816999912261963	6.816999912261963	0.0	0.0
APCS	0.46153846153846156	0.46153846153846156	0.7879999876022339	0.7879999876022339	0.7879999876022339	0.0	0.0
APOBEC4	0.5470102530877715	0.5221317848097208	4.144333442052205	8.442000389099121	12.433000326156616	0.0	0.0
AQP10	0.5522388059701493	0.5522388059701493	0.4359999895095825	0.4359999895095825	0.4359999895095825	0.0	0.0
ARHGAP29	0.8702057894235293	0.7342465753424657	12.112999677658081	18.309999465942383	24.225999355316162	0.0	0.0
ARHGAP30	0.453261766218587	0.49698624153745363	3.4090000092983246	6.125	6.818000018596649	0.0	0.0
ARHGEF10L	1.0	1.0	4.716333468755086	10.3100004196167	14.149000406265259	0.0	0.0
ARHGEF11	0.4705169236446498	0.4497641509433962	6.974500000476837	12.710000038146973	13.949000000953674	0.0	0.0
ARHGEF16	0.5623109196746324	0.7133812684365782	6.914600073546171	19.59000015258789	34.573000367730856	0.0	0.0
ARHGEF19	0.48988408231540626	0.49103535423420736	15.013333002726236	17.229999542236328	45.03999900817871	0.0	0.0
ARID4B	0.535009818132206	0.518041237113402	5.1635002344846725	10.020000457763672	10.327000468969345	0.0	0.0
ARNT	0.5094339622641509	0.5094339622641509	6.188000202178955	6.188000202178955	6.188000202178955	0.0	0.0
ARTN	1.0	1.0	7.070000171661377	7.070000171661377	7.070000171661377	0.0	0.0
ASB17	0.5241935483870968	0.5241935483870968	15.529999732971191	15.529999732971191	15.529999732971191	0.0	0.0
ASH1L	1.0	1.0	12.819999694824219	12.819999694824219	12.819999694824219	0.0	0.0
ASPM	0.7263094462243864	0.7080461658390609	6.018400014936924	23.700000762939453	60.18400014936924	0.0	0.0
ASTN1	0.47272245355544074	0.4881279693711596	10.964833150307337	25.799999237060547	65.78899890184402	0.0	0.0
ATAD3A	0.5337694312695904	0.5366963402571712	3.061499923467636	5.72599983215332	6.122999846935272	0.0	0.0
ATAD3B	0.7647058823529411	0.7647058823529411	6.074999809265137	6.074999809265137	6.074999809265137	0.0	0.0
ATAD3C	0.3660783855524905	0.4327956989247312	13.800000000745058	27.5	27.600000001490116	0.0	0.0
ATF6	0.46017699115044247	0.46017699115044247	0.718999981880188	0.718999981880188	0.718999981880188	0.0	0.0
ATP13A2	0.9987944343516707	0.9991902834008097	1.7435999929904937	5.118000030517578	8.717999964952469	0.0	0.0
ATP1A4	0.7106231272265103	0.7319605797428378	5.505749821662903	10.729999542236328	22.02299928665161	0.0	0.0
ATP2B4	1.0	1.0	4.735000183805823	9.416000366210938	9.470000367611647	0.0	0.0
ATP5IF1	1.0	1.0	0.05999999865889549	0.05999999865889549	0.05999999865889549	0.0	0.0
ATP8B2	0.4811153836298372	0.4808645451985356	2.61249990016222	5.061999797821045	5.22499980032444	0.0	0.0
ATPAF1	1.0	1.0	6.586999893188477	6.586999893188477	6.586999893188477	0.0	0.0
AVPR1B	0.4082733892335795	0.43224403801326877	4.855999916791916	8.751999855041504	9.711999833583832	0.0	0.0
AXDND1	0.4074074074074074	0.4074074074074074	1.5390000343322754	1.5390000343322754	1.5390000343322754	0.0	0.0
B3GALT6	0.5809128630705395	0.5809128630705395	8.689000129699707	8.689000129699707	8.689000129699707	0.0	0.0
B4GALT3	0.5774422679854878	0.5549298424815869	8.508999824523926	13.229999542236328	17.01799964904785	0.0	0.0
BCAN	0.4444444444444444	0.4444444444444444	17.719999313354492	17.719999313354492	17.719999313354492	0.0	0.0
BCAR3	0.5054945054945055	0.5054945054945055	0.4749999940395355	0.4749999940395355	0.4749999940395355	0.0	0.0
BCL2L15	1.0	1.0	0.10499999672174454	0.10499999672174454	0.10499999672174454	0.0	0.0
BCL9	0.52	0.52	23.299999237060547	23.299999237060547	23.299999237060547	0.0	0.0
BEND5	0.5555555555555556	0.5555555555555556	9.376999855041504	9.376999855041504	9.376999855041504	0.0	0.0
BMP8A	1.0	1.0	18.09000015258789	18.09000015258789	18.09000015258789	0.0	0.0
BOLA1	0.4307692307692308	0.4307692307692308	16.8700008392334	16.8700008392334	16.8700008392334	0.0	0.0
BRDT	0.5452785024087767	0.5300089847259658	9.15100001792113	17.56999969482422	27.45300005376339	0.0	0.0
BRINP2	0.48614609571788414	0.48614609571788414	9.154000282287598	9.154000282287598	9.154000282287598	0.0	0.0
BSND	0.40816326530612246	0.40816326530612246	0.02199999988079071	0.02199999988079071	0.02199999988079071	0.0	0.0
BTBD8	0.6209651367572844	0.6064798966703118	11.850749850273132	16.229999542236328	47.40299940109253	0.0	0.0
BTNL10	0.4665314401622718	0.4665314401622718	0.14300000667572021	0.14300000667572021	0.14300000667572021	0.0	0.0
C1QA	1.0	1.0	1.340999960899353	1.340999960899353	1.340999960899353	0.0	0.0
C1QC	0.5190839694656488	0.5190839694656488	1.4220000505447388	1.4220000505447388	1.4220000505447388	0.0	0.0
C1QTNF12	0.4117213257450339	0.3779872884070785	11.592333740244309	23.200000762939453	34.77700122073293	0.0	0.0
C1orf105	0.6651069567445171	0.7414860681114551	4.312000036239624	5.585999965667725	8.624000072479248	0.0	0.0
C1orf109	1.0	1.0	4.373000144958496	4.373000144958496	4.373000144958496	0.0	0.0
C1orf112	0.890535567917225	0.7853535353535354	7.543499827384949	11.239999771118164	15.086999654769897	0.0	0.0
C1orf116	1.0	1.0	1.281000018119812	1.281000018119812	1.281000018119812	0.0	0.0
C1orf131	0.49184782608695654	0.49184782608695654	22.200000762939453	22.200000762939453	22.200000762939453	0.0	0.0
C1orf141	1.0	1.0	4.434500008821487	8.434000015258789	8.869000017642975	0.0	0.0
C1orf162	0.4067796610169492	0.4067796610169492	3.760999917984009	3.760999917984009	3.760999917984009	0.0	0.0
C1orf167	1.0	1.0	5.564076879276679	17.479999542236328	72.33299943059683	0.0	0.0
C1orf174	1.0	1.0	5.288000106811523	5.288000106811523	5.288000106811523	0.0	0.0
C1orf52	0.48717948717948717	0.48717948717948717	3.740999937057495	3.740999937057495	3.740999937057495	0.0	0.0
C1orf68	0.5518734854178314	0.5041855014230704	3.1589998938143253	8.977999687194824	9.476999681442976	0.0	0.0
C1orf87	1.0	1.0	1.5579999685287476	1.5579999685287476	1.5579999685287476	0.0	0.0
C2CD4D	1.0	1.0	10.649999618530273	10.649999618530273	10.649999618530273	0.0	0.0
C4BPA	0.4599516714604708	0.48140027407499686	0.8419999741017818	1.628999948501587	1.6839999482035637	0.0	0.0
C4BPB	0.48226950354609927	0.48226950354609927	1.159000039100647	1.159000039100647	1.159000039100647	0.0	0.0
C8A	1.0	1.0	7.544000148773193	7.544000148773193	7.544000148773193	0.0	0.0
C8B	1.0	1.0	9.755000114440918	9.755000114440918	9.755000114440918	0.0	0.0
CA6	0.5034838531898292	0.4638131159058554	5.639333208401998	14.649999618530273	16.917999625205994	0.0	0.0
CACHD1	0.9097686636988531	0.7449162986546165	4.4369999170303345	7.357999801635742	8.873999834060669	0.0	0.0
CACNA1E	0.5134328358208955	0.5134328358208955	5.9070000648498535	5.9070000648498535	5.9070000648498535	0.0	0.0
CACNA1S	0.5439622171714382	0.6666943722646568	10.22774980776012	26.399999618530273	81.82199846208096	0.0	0.0
CALML6	0.42857142857142855	0.42857142857142855	4.581999778747559	4.581999778747559	4.581999778747559	0.0	0.0
CAMK1G	0.7000045247509888	0.6914893617021276	1.1775000095367432	1.2100000381469727	2.3550000190734863	0.0	0.0
CAMTA1	0.5273109171489032	0.5091768631813125	11.015999913215637	18.90999984741211	22.031999826431274	0.0	0.0
CAP1	0.9584426444423086	0.9178187403993856	15.72142859867641	21.399999618530273	110.05000019073486	0.0	0.0
CAPN2	0.6183864650262875	0.5752446862982846	8.69679989516735	13.449999809265137	43.483999475836754	0.0	0.0
CAPN8	0.686629882372663	0.7205882352941176	23.449999809265137	26.299999237060547	46.89999961853027	0.0	0.0
CAPN9	0.6667535746607525	0.6448774495293351	14.867000013589859	23.700000762939453	59.468000054359436	0.0	0.0
CASP9	0.27034967262871584	0.40975555457483165	5.580000067090926	15.34000015258789	16.740000201272778	0.0	0.0
CASQ2	1.0	1.0	0.13199999928474426	0.13199999928474426	0.13199999928474426	0.0	0.0
CATSPER4	0.995849408294432	0.9961771540424482	7.671000075340271	21.100000381469727	38.355000376701355	0.0	0.0
CCDC17	1.0	1.0	4.00599992275238	7.034999847412109	8.01199984550476	0.0	0.0
CCDC18	0.7165183923356925	0.6479941153171505	14.403333028157553	20.299999237060547	43.209999084472656	0.0	0.0
CCDC185	1.0	1.0	9.998833179473877	21.399999618530273	59.99299907684326	0.0	0.0
CCDC27	0.4404109005077218	0.44021825218524985	3.8837499057408422	14.399999618530273	15.534999622963369	0.0	0.0
CCDC30	0.5586171882963429	0.632744073428949	8.283999919891357	12.279999732971191	24.851999759674072	0.0	0.0
CD101	0.5210788350882922	0.6652526395173454	0.6376666529104114	1.6009999513626099	1.912999958731234	0.0	0.0
CD164L2	0.5894588270758232	0.668060918060918	5.80033345023791	15.3100004196167	17.40100035071373	0.0	0.0
CD1A	0.4413967802183053	0.46847017876918207	3.1919999569654465	6.316999912261963	6.383999913930893	0.0	0.0
CD1E	0.5309734513274337	0.5309734513274337	0.0010000000474974513	0.0010000000474974513	0.0010000000474974513	0.0	0.0
CD48	0.5403265535231645	0.6166085114866539	3.6467500627040863	8.92300033569336	14.587000250816345	0.0	0.0
CD52	1.0	1.0	6.001500129699707	8.133000373840332	12.003000259399414	0.0	0.0
CDA	1.0	1.0	21.600000381469727	21.600000381469727	21.600000381469727	0.0	0.0
CDC14A	0.4766355140186916	0.4766355140186916	0.6830000281333923	0.6830000281333923	0.6830000281333923	0.0	0.0
CDC20	0.48520710059171596	0.48520710059171596	11.789999961853027	11.789999961853027	11.789999961853027	0.0	0.0
CDC42BPA	0.6307954721862439	0.7348599439775911	7.501749910414219	12.479999542236328	30.006999641656876	0.0	0.0
CDC7	1.0	1.0	3.128999948501587	3.128999948501587	3.128999948501587	0.0	0.0
CDCP2	1.0	1.0	20.994999885559082	25.5	41.989999771118164	0.0	0.0
CDK11A	0.4100383830133507	0.4200267597968069	9.436499992385507	28.0	37.74599996954203	0.0	0.0
CDK11B	0.4	0.4	23.600000381469727	23.600000381469727	23.600000381469727	0.0	0.0
CDK18	0.7017776401777798	0.7594339622641509	16.94000005722046	21.0	33.88000011444092	0.0	0.0
CDKN2C	0.5229885057471264	0.5229885057471264	11.970000267028809	11.970000267028809	11.970000267028809	0.0	0.0
CELA2A	0.5041087439751916	0.5072672008842221	1.5694999806582928	3.0399999618530273	3.1389999613165855	0.0	0.0
CELA2B	0.8328382146467525	0.6378133085757898	1.0697499876841903	2.9549999237060547	4.278999950736761	0.0	0.0
CELA3A	1.0	1.0	1.6579999923706055	1.6579999923706055	1.6579999923706055	0.0	0.0
CELA3B	0.9946224000004463	0.9989648033126295	2.978000043026571	15.470000267028809	20.846000301185995	0.0	0.0
CELSR2	1.0	1.0	3.947199936211109	9.263999938964844	19.735999681055546	0.0	0.0
CENPF	0.5333996911175332	0.5200153040242032	4.248333220835775	9.51099967956543	25.48999932501465	0.0	0.0
CENPS-CORT	1.0	1.0	4.665999889373779	4.665999889373779	4.665999889373779	0.0	0.0
CEP104	1.0	1.0	3.7726665486892066	10.609999656677246	11.31799964606762	0.0	0.0
CEP170	0.35359182453533244	0.3534663865546218	18.024999618530273	18.1299991607666	36.04999923706055	0.0	0.0
CEP350	0.49693251533742333	0.49693251533742333	23.700000762939453	23.700000762939453	23.700000762939453	0.0	0.0
CFAP57	0.5130782643159549	0.4922500097167061	5.067833207547665	23.799999237060547	30.406999245285988	0.0	0.0
CFAP74	0.4901148671167942	0.5093352761532157	7.474461583832565	26.100000381469727	97.16800058982335	0.0	0.0
CFH	0.4453769641382179	0.45445939501756827	4.481749969971133	10.25	17.926999879884534	0.0	0.0
CFHR1	0.3286600512549714	0.36813785629575096	3.141500056410829	8.769000053405762	18.849000338464975	0.0	0.0
CFHR2	0.3880597014925373	0.3880597014925373	14.789999961853027	14.789999961853027	14.789999961853027	0.0	0.0
CFHR4	1.0	1.0	1.1690000146627426	2.0950000286102295	2.3380000293254852	0.0	0.0
CHD1L	0.4441720871581254	0.44461420932009166	17.684999465942383	17.799999237060547	35.369998931884766	0.0	0.0
CHD5	0.9948735601858488	0.9966666666666666	11.619500398635864	17.8700008392334	23.23900079727173	0.0	0.0
CHI3L1	0.4600203589450036	0.7283950617283951	11.266999810934067	22.399999618530273	22.533999621868134	0.0	0.0
CHIA	1.0	1.0	10.657666806131601	22.5	31.973000418394804	0.0	0.0
CHIT1	1.0	1.0	25.0	25.0	25.0	0.0	0.0
CHML	0.48	0.48	1.7580000162124634	1.7580000162124634	1.7580000162124634	0.0	0.0
CITED4	0.44831882971283304	0.5312897886427297	12.59250020980835	24.100000381469727	50.3700008392334	0.0	0.0
CLCA1	0.9607050085765456	0.7841501626963403	6.352000012993813	15.520000457763672	31.760000064969063	0.0	0.0
CLCA2	0.4991137667752961	0.4952308193733123	9.128571433680397	25.399999618530273	63.90000003576279	0.0	0.0
CLCC1	0.4858046705998429	0.48891638568844176	5.435333251953125	13.449999809265137	16.305999755859375	0.0	0.0
CLCN6	1.0	1.0	20.700000762939453	20.700000762939453	20.700000762939453	0.0	0.0
CLCNKA	0.45565749235474007	0.45565749235474007	6.797999858856201	6.797999858856201	6.797999858856201	0.0	0.0
CLCNKB	0.7953332718800818	0.8120878694777185	4.723769204691052	13.579999923706055	61.40899966098368	0.0	0.0
CLSPN	0.5857142857142857	0.5857142857142857	24.299999237060547	24.299999237060547	24.299999237060547	0.0	0.0
CNN3	0.5178571428571429	0.5178571428571429	6.373000144958496	6.373000144958496	6.373000144958496	0.0	0.0
CNST	1.0	1.0	0.05900000035762787	0.05900000035762787	0.05900000035762787	0.0	0.0
COA6	1.0	1.0	0.1979999989271164	0.1979999989271164	0.1979999989271164	0.0	0.0
COA7	0.5117370892018779	0.5117370892018779	19.719999313354492	19.719999313354492	19.719999313354492	0.0	0.0
COG2	0.44201517753766495	0.4400537634408602	4.93149995803833	5.9039998054504395	9.86299991607666	0.0	0.0
COL11A1	0.4578871934004858	0.4611373962885081	12.511999987065792	24.700000762939453	50.04799994826317	1.0	0.0
COL16A1	0.5526171007987919	0.6432294391165359	4.9387500397861	15.59000015258789	19.7550001591444	0.0	0.0
COL24A1	0.4758694038823954	0.5992482062016723	12.172714416469846	21.600000381469727	85.20900091528893	1.0	0.0
COLGALT2	0.5294117647058824	0.5294117647058824	4.826000213623047	4.826000213623047	4.826000213623047	0.0	0.0
COPA	1.0	1.0	1.9299999475479126	1.9299999475479126	1.9299999475479126	0.0	0.0
COQ8A	0.5293216428777535	0.46190067242698823	1.2800000197409342	2.193000078201294	3.8400000592228025	0.0	0.0
CPT2	0.47435897435897434	0.47435897435897434	0.07199999690055847	0.07199999690055847	0.07199999690055847	0.0	0.0
CPTP	1.0	1.0	0.4440000057220459	0.4440000057220459	0.4440000057220459	0.0	0.0
CR1	0.6377725069266781	0.6454114117257139	0.2343333337145547	0.4650000035762787	0.7030000011436641	0.0	0.0
CR1L	0.45780288019803395	0.45288110624279687	9.20600022872289	15.8100004196167	27.61800068616867	0.0	0.0
CR2	1.0	1.0	0.8109999895095825	0.8109999895095825	0.8109999895095825	0.0	0.0
CRB1	1.0	1.0	0.2720000147819519	0.2720000147819519	0.2720000147819519	0.0	0.0
CRCT1	0.4442395928247078	0.4458932786958265	7.9695000648498535	8.657999992370605	15.939000129699707	0.0	0.0
CROCC	0.49193328101496336	0.4675555006594406	7.747749846428633	22.299999237060547	61.98199877142906	0.0	0.0
CRYBG2	1.0	1.0	10.964000463485718	16.1200008392334	21.928000926971436	0.0	0.0
CRYZ	1.0	1.0	6.4040000438690186	7.9720001220703125	12.808000087738037	0.0	0.0
CRYZL2P-SEC16B	0.9461715663493204	0.6046881862099254	2.1697500571608543	7.714000225067139	8.679000228643417	0.0	0.0
CSF1	0.6052490823485475	0.632522598333288	3.754500024020672	12.710000038146973	15.018000096082687	0.0	0.0
CSF3R	1.0	1.0	0.25049999356269836	0.3709999918937683	0.5009999871253967	0.0	0.0
CSMD2	0.9848310603477962	0.7639405204460967	4.139499768614769	8.012999534606934	8.278999537229538	0.0	0.0
CTH	0.4711864406779661	0.4711864406779661	15.979999542236328	15.979999542236328	15.979999542236328	0.0	0.0
CTSE	0.4836969978777937	0.4517082231102606	4.796000152826309	9.23900032043457	9.592000305652618	0.0	0.0
CTSK	1.0	1.0	0.12399999797344208	0.12399999797344208	0.12399999797344208	0.0	0.0
CTSS	0.4835164835164835	0.4835164835164835	19.59000015258789	19.59000015258789	19.59000015258789	0.0	0.0
CTTNBP2NL	0.4414651500188159	0.47484848484848485	3.960499942302704	7.395999908447266	7.920999884605408	0.0	0.0
CYB5RL	0.5266666666666666	0.5266666666666666	15.829999923706055	15.829999923706055	15.829999923706055	0.0	0.0
CYP2J2	0.5454545454545454	0.5454545454545454	1.6740000247955322	1.6740000247955322	1.6740000247955322	0.0	0.0
CYP4A11	0.44198962276568987	0.5516877637130801	2.1636667052904763	3.937000036239624	6.491000115871429	0.0	0.0
CYP4A22	0.6163574834219611	0.6921007785088498	11.53825019299984	23.100000381469727	92.30600154399872	0.0	0.0
CYP4B1	0.5124378109452736	0.5124378109452736	18.989999771118164	18.989999771118164	18.989999771118164	0.0	0.0
CYP4Z1	0.966172408450704	0.9657042069506141	3.707499921321869	6.659999847412109	7.414999842643738	0.0	0.0
DAB1	0.5178571428571429	0.5178571428571429	18.850000381469727	18.850000381469727	18.850000381469727	0.0	0.0
DBT	1.0	1.0	13.989999771118164	13.989999771118164	13.989999771118164	0.0	0.0
DCAF6	0.45030179368125345	0.448091922005571	9.71049976348877	10.6899995803833	19.42099952697754	0.0	0.0
DCLRE1B	0.5473454859108349	0.5534420289855072	13.77049970626831	20.899999618530273	27.54099941253662	0.0	0.0
DDOST	1.0	1.0	3.7200000286102295	3.7200000286102295	3.7200000286102295	0.0	0.0
DDX59	0.4337958755893331	0.7146739130434783	2.6299999319016933	5.218999862670898	5.259999863803387	0.0	0.0
DEDD	0.47157190635451507	0.47157190635451507	3.0759999752044678	3.0759999752044678	3.0759999752044678	0.0	0.0
DENND2D	0.9973684210526316	0.9973684210526316	3.8970000743865967	3.8970000743865967	3.8970000743865967	0.0	0.0
DHCR24	1.0	1.0	10.720000267028809	10.720000267028809	10.720000267028809	0.0	0.0
DHDDS	0.4279835390946502	0.4279835390946502	13.5	13.5	13.5	0.0	0.0
DHX9	1.0	1.0	5.072000026702881	5.072000026702881	5.072000026702881	0.0	0.0
DISC1	0.6991672573255763	0.7180451127819548	13.389250367879868	24.700000762939453	53.55700147151947	0.0	0.0
DISP1	0.43594158489885637	0.6153182427346661	12.521999994913736	19.969999313354492	37.56599998474121	0.0	0.0
DISP3	0.5151411075227462	0.5128311738217877	6.0267498176544905	19.799999237060547	24.106999270617962	0.0	0.0
DMAP1	0.4972375690607735	0.4972375690607735	18.65999984741211	18.65999984741211	18.65999984741211	0.0	0.0
DMBX1	1.0	1.0	0.07500000298023224	0.07500000298023224	0.07500000298023224	0.0	0.0
DMRTA2	0.3488372093023256	0.3488372093023256	2.36899995803833	2.36899995803833	2.36899995803833	0.0	0.0
DNAH14	0.8483615763580258	0.8300290356264348	9.03113331620892	21.100000381469727	135.46699974313378	0.0	0.0
DNAI4	1.0	1.0	3.991499900817871	6.205999851226807	7.982999801635742	0.0	0.0
DNAJC11	0.4597791531519758	0.7286821705426356	10.898500382900238	21.700000762939453	21.797000765800476	0.0	0.0
DNAJC6	0.48116928664885783	0.47751491499824955	5.07966681321462	7.833000183105469	15.23900043964386	0.0	0.0
DNALI1	0.6086956521739131	0.6086956521739131	23.200000762939453	23.200000762939453	23.200000762939453	0.0	0.0
DNASE2B	1.0	1.0	8.585333347320557	10.960000038146973	25.75600004196167	0.0	0.0
DNM3	1.0	1.0	0.004000000189989805	0.004000000189989805	0.004000000189989805	0.0	0.0
DNTTIP2	0.9988745729863729	0.9993224932249323	4.937000036239624	8.201000213623047	19.748000144958496	0.0	0.0
DOCK7	0.373134328358209	0.373134328358209	1.2949999570846558	1.2949999570846558	1.2949999570846558	0.0	0.0
DPT	1.0	1.0	0.1080000028014183	0.1080000028014183	0.1080000028014183	0.0	0.0
DPYD	1.0	1.0	9.508000373840332	9.508000373840332	9.508000373840332	0.0	0.0
DR1	0.48484848484848486	0.48484848484848486	4.556000232696533	4.556000232696533	4.556000232696533	0.0	0.0
DSTYK	0.502092050209205	0.502092050209205	18.739999771118164	18.739999771118164	18.739999771118164	0.0	0.0
DTL	0.4798295647516446	0.49188252223966505	4.541000048319499	7.3460001945495605	13.623000144958496	0.0	0.0
DUSP10	1.0	1.0	6.316999793052673	8.682999610900879	12.633999586105347	0.0	0.0
DVL1	1.0	1.0	0.34700000286102295	0.34700000286102295	0.34700000286102295	0.0	0.0
DYRK3	0.5159235668789809	0.5159235668789809	7.026000022888184	7.026000022888184	7.026000022888184	0.0	0.0
E2F2	0.5108695652173914	0.5108695652173914	23.200000762939453	23.200000762939453	23.200000762939453	0.0	0.0
EBNA1BP2	0.5461538461538461	0.5461538461538461	26.299999237060547	26.299999237060547	26.299999237060547	0.0	0.0
EDARADD	0.84126233709003	0.7673076923076922	5.930999994277954	7.815999984741211	11.861999988555908	0.0	0.0
EDEM3	0.5354376933177163	0.5772200772200773	3.932999908924103	7.633999824523926	7.865999817848206	0.0	0.0
EFCAB2	0.41346153846153844	0.41346153846153844	7.709000110626221	7.709000110626221	7.709000110626221	0.0	0.0
EFCAB7	1.0	1.0	2.9800000190734863	2.9800000190734863	2.9800000190734863	0.0	0.0
EFNA1	1.0	1.0	7.63700008392334	7.63700008392334	7.63700008392334	0.0	0.0
EFNA3	0.506993006993007	0.506993006993007	28.299999237060547	28.299999237060547	28.299999237060547	1.0	0.0
EIF2B3	0.4642857142857143	0.4642857142857143	8.543000221252441	8.543000221252441	8.543000221252441	0.0	0.0
EIF4G3	1.0	1.0	5.080999851226807	5.080999851226807	5.080999851226807	0.0	0.0
ELAPOR1	0.9206089536235759	0.9595233145838428	5.838899907795712	21.299999237060547	58.38899907795712	0.0	0.0
ELAVL4	0.9994878913449561	0.9993103448275862	11.252999782562256	14.149999618530273	22.50599956512451	0.0	0.0
ELOA	1.0	1.0	9.734000205993652	9.734000205993652	9.734000205993652	0.0	0.0
EMC1	0.4423963133640553	0.4423963133640553	16.31999969482422	16.31999969482422	16.31999969482422	0.0	0.0
ENAH	0.4765432098765432	0.4765432098765432	7.800000190734863	7.800000190734863	7.800000190734863	0.0	0.0
EPHA10	0.47767857142857145	0.47767857142857145	8.567999839782715	8.567999839782715	8.567999839782715	0.0	0.0
EPHA2	0.5014732951928527	0.501463467686301	3.4683334132035575	6.063000202178955	10.405000239610672	0.0	0.0
EPHA8	0.4944354902010829	0.47183612144014725	9.886142824377332	26.0	69.20299977064133	0.0	0.0
EPHB2	1.0	1.0	11.630000114440918	11.630000114440918	11.630000114440918	0.0	0.0
EPHX1	0.5189638410063273	0.5110174883083696	13.574333230654398	25.0	40.722999691963196	0.0	0.0
EPRS1	0.5072057401753108	0.7458791208791209	3.99749992787838	7.751999855041504	7.99499985575676	0.0	0.0
EPS15	0.4508670520231214	0.4508670520231214	0.2879999876022339	0.2879999876022339	0.2879999876022339	0.0	0.0
EPS8L3	0.5050891592446161	0.4997914514584911	11.58999989926815	22.0	34.76999969780445	0.0	0.0
ERICH3	1.0	1.0	11.009999999776483	22.0	22.019999999552965	0.0	0.0
ERO1B	0.43499891516307243	0.42635711384865305	19.645000457763672	22.700000762939453	39.290000915527344	0.0	0.0
ETV3L	0.6	0.6	0.8640000224113464	0.8640000224113464	0.8640000224113464	0.0	0.0
EVI5	1.0	1.0	7.125750049948692	12.960000038146973	28.50300019979477	0.0	0.0
EXO1	0.6333317065052564	0.6906166173760706	14.124000197649002	29.600000381469727	70.62000098824501	0.0	0.0
EXO5	0.7161561435376961	0.7358490566037736	15.894999980926514	17.079999923706055	31.789999961853027	0.0	0.0
EXOSC10	1.0	1.0	2.199500061571598	4.3470001220703125	4.399000123143196	0.0	0.0
EXTL1	0.9967897271268058	0.9967897271268058	3.739000082015991	3.739000082015991	3.739000082015991	0.0	0.0
F13B	0.805904543490872	0.8356164383561643	0.8206666509310404	0.968999981880188	2.4619999527931213	0.0	0.0
F5	0.45745461282707306	0.4696522655426765	0.13100000098347664	0.19900000095367432	0.2620000019669533	0.0	0.0
FAAH	0.6544291508115991	0.7269503546099291	10.658999919891357	13.489999771118164	21.317999839782715	0.0	0.0
FAAP20	1.0	1.0	8.934000015258789	8.934000015258789	8.934000015258789	0.0	0.0
FAM131C	0.5357146894293692	0.54537284234847	8.06712482497096	24.399999618530273	64.53699859976768	0.0	0.0
FAM151A	0.4631578947368421	0.4631578947368421	2.865999937057495	2.865999937057495	2.865999937057495	0.0	0.0
FAM177B	0.472827005003264	0.45865633074935397	7.931500076316297	15.84000015258789	15.863000152632594	0.0	0.0
FAM78B	0.5128205128205128	0.5128205128205128	7.578000068664551	7.578000068664551	7.578000068664551	0.0	0.0
FBLIM1	0.39473684210526316	0.39473684210526316	26.200000762939453	26.200000762939453	26.200000762939453	0.0	0.0
FBXO2	0.4988344988344988	0.4988344988344988	24.200000762939453	24.200000762939453	24.200000762939453	0.0	0.0
FBXO42	0.49	0.49	0.843999981880188	0.843999981880188	0.843999981880188	0.0	0.0
FCAMR	0.48107158806891076	0.4642255892255892	2.778500087559223	5.491000175476074	5.557000175118446	0.0	0.0
FCGR2A	0.49399560843266427	0.4931618717918452	10.941999713579813	27.799999237060547	32.82599914073944	0.0	1.0
FCGR2C	0.766426949523645	0.8387799564270152	15.737332979838053	22.799999237060547	47.21199893951416	0.0	0.0
FCGR3A	0.5	0.5	0.12399999797344208	0.12399999797344208	0.12399999797344208	0.0	0.0
FCMR	0.6567164179104478	0.6567164179104478	0.9580000042915344	0.9580000042915344	0.9580000042915344	0.0	0.0
FCRL1	0.40625	0.40625	2.9059998989105225	2.9059998989105225	2.9059998989105225	0.0	0.0
FCRL3	1.0	1.0	0.00800000037997961	0.00800000037997961	0.00800000037997961	0.0	0.0
FCRL5	0.4555832443538297	0.8266929327751785	1.8315000371076167	8.279000282287598	10.9890002226457	0.0	0.0
FCRL6	0.46420553013590465	0.473000848219339	9.957500010728836	33.0	39.830000042915344	0.0	1.0
FCRLA	0.5483870967741935	0.5483870967741935	15.899999618530273	15.899999618530273	15.899999618530273	0.0	0.0
FCRLB	0.44808743169398907	0.44808743169398907	5.038000106811523	5.038000106811523	5.038000106811523	0.0	0.0
FHAD1	0.999484232246008	0.9989316239316239	0.17399999871850014	0.2639999985694885	0.3479999974370003	0.0	0.0
FHL3	0.48370927318295737	0.48370927318295737	11.84000015258789	11.84000015258789	11.84000015258789	0.0	0.0
FLG	0.47165935809530907	0.47674448142588133	3.5883333256519916	18.170000076293945	161.47499965433963	0.0	0.0
FLVCR1	0.785985425914622	0.7372881355932204	12.434999942779541	14.739999771118164	24.869999885559082	0.0	0.0
FMN2	0.6017790925945182	0.5011774932096746	3.5808182196183638	7.75	39.389000415802	0.0	0.0
FMO2	0.9707633531156642	0.7365591397849462	21.174999952316284	40.0	42.34999990463257	0.0	1.0
FMO5	0.44802632959244937	0.4520832068637568	4.79200005531311	5.247000217437744	9.58400011062622	0.0	0.0
FMOD	0.4647887323943662	0.4647887323943662	6.00600004196167	6.00600004196167	6.00600004196167	0.0	0.0
FNDC7	0.5538200253387783	0.5484899028107038	9.379200077056884	18.280000686645508	46.896000385284424	0.0	0.0
FOXD2	1.0	1.0	18.110000610351562	18.110000610351562	18.110000610351562	0.0	0.0
FOXJ3	0.47840390613552686	0.4794075524946821	15.695000171661377	16.270000457763672	31.390000343322754	0.0	0.0
FOXO6	1.0	1.0	12.37600040435791	17.280000686645508	24.75200080871582	0.0	0.0
FPGT	0.5019305019305019	0.5019305019305019	7.083000183105469	7.083000183105469	7.083000183105469	0.0	0.0
FUCA1	1.0	1.0	16.700000762939453	16.700000762939453	16.700000762939453	0.0	0.0
FYB2	0.5303867403314917	0.5303867403314917	1.9149999618530273	1.9149999618530273	1.9149999618530273	0.0	0.0
GABRD	0.49700598802395207	0.49700598802395207	10.350000381469727	10.350000381469727	10.350000381469727	0.0	0.0
GBP1	0.41936490270289656	0.4260959012501978	21.100000381469727	24.200000762939453	42.20000076293945	1.0	0.0
GBP2	1.0	1.0	11.498999834060669	16.059999465942383	22.997999668121338	0.0	0.0
GBP3	0.4759845085432649	0.47619679171403306	21.699999809265137	23.100000381469727	43.39999961853027	1.0	0.0
GBP4	0.24922475950302256	0.2520049950792361	0.3036666696037476	0.7039999961853027	2.7330000264337286	0.0	0.0
GBP6	0.4844847726897204	0.4947683942047806	9.152250095445197	19.31999969482422	36.60900038178079	0.0	0.0
GBP7	1.0	1.0	6.090000152587891	6.090000152587891	6.090000152587891	0.0	0.0
GFI1	1.0	1.0	9.151000022888184	9.151000022888184	9.151000022888184	0.0	0.0
GJA4	0.7572208638119251	0.6468007136313226	6.843666752179463	10.829999923706055	20.53100025653839	0.0	0.0
GJB3	0.5619047619047619	0.5619047619047619	4.507999897003174	4.507999897003174	4.507999897003174	0.0	0.0
GJB4	0.5144927536231884	0.5144927536231884	19.09000015258789	19.09000015258789	19.09000015258789	1.0	0.0
GLIS1	0.8421482357141603	0.7886895674300254	14.807999992370606	20.600000381469727	74.03999996185303	0.0	0.0
GLMP	0.4957243732010426	0.4918445322793149	10.92900037765503	17.6200008392334	21.85800075531006	0.0	0.0
GLRX2	1.0	1.0	2.63700008392334	2.63700008392334	2.63700008392334	0.0	0.0
GLUL	1.0	1.0	11.3100004196167	11.3100004196167	11.3100004196167	0.0	0.0
GNAT2	0.49523809523809526	0.49523809523809526	5.715000152587891	5.715000152587891	5.715000152587891	0.0	0.0
GNG4	0.5062240663900415	0.5062240663900415	0.32899999618530273	0.32899999618530273	0.32899999618530273	0.0	0.0
GNPAT	0.45228215767634855	0.45228215767634855	3.4639999866485596	3.4639999866485596	3.4639999866485596	0.0	0.0
GOLT1A	0.47921828327560584	0.47972429801672767	3.5464999675750732	5.573999881744385	7.0929999351501465	0.0	0.0
GORAB	0.6713386062413919	0.7242990654205608	16.1899995803833	19.299999237060547	32.3799991607666	0.0	0.0
GPN2	0.504	0.504	18.049999237060547	18.049999237060547	18.049999237060547	0.0	0.0
GPR153	1.0	1.0	0.8420000076293945	1.3140000104904175	1.684000015258789	0.0	0.0
GPR157	0.5049019607843137	0.5049019607843137	20.700000762939453	20.700000762939453	20.700000762939453	0.0	0.0
GPR161	0.4742857142857143	0.4742857142857143	0.014999999664723873	0.014999999664723873	0.014999999664723873	0.0	0.0
GPR37L1	0.8210773479078246	0.87625	3.6235000044107437	7.122000217437744	14.494000017642975	0.0	0.0
GPR88	1.0	1.0	13.819999694824219	13.819999694824219	13.819999694824219	0.0	0.0
GPX7	0.4555984555984556	0.4555984555984556	11.680000305175781	11.680000305175781	11.680000305175781	0.0	0.0
GRHL3	0.5066269943819751	0.45022770823482566	7.612666308879852	16.209999084472656	22.837998926639557	0.0	0.0
GRIK3	0.4117647058823529	0.4117647058823529	16.479999542236328	16.479999542236328	16.479999542236328	0.0	0.0
GSTM1	0.5168195718654435	0.5168195718654435	10.59000015258789	10.59000015258789	10.59000015258789	0.0	0.0
GSTM3	0.5056179775280899	0.5056179775280899	0.007000000216066837	0.007000000216066837	0.007000000216066837	0.0	0.0
GSTM4	1.0	1.0	2.187000036239624	2.187000036239624	2.187000036239624	0.0	0.0
GTF2B	1.0	1.0	0.05299999937415123	0.05299999937415123	0.05299999937415123	0.0	0.0
GUCA2A	1.0	1.0	11.59000015258789	11.59000015258789	11.59000015258789	0.0	0.0
H3-4	0.46116504854368934	0.46116504854368934	6.410999774932861	6.410999774932861	6.410999774932861	0.0	0.0
H6PD	0.8370278110953382	0.5530359580134699	0.52249999740161	2.2039999961853027	3.13499998440966	0.0	0.0
HAO2	0.47368421052631576	0.47368421052631576	0.3889999985694885	0.3889999985694885	0.3889999985694885	0.0	0.0
HAX1	0.4900990099009901	0.4900990099009901	7.283999919891357	7.283999919891357	7.283999919891357	0.0	0.0
HCRTR1	0.425	0.425	0.012000000104308128	0.012000000104308128	0.012000000104308128	0.0	0.0
HDGF	0.5132602944849626	0.7438423645320197	11.78849983215332	22.399999618530273	23.57699966430664	0.0	0.0
HEATR1	0.4723177203348272	0.47386268902060197	7.49531266768463	27.200000762939453	119.92500268295407	0.0	0.0
HECTD3	0.4601226993865031	0.4601226993865031	9.246000289916992	9.246000289916992	9.246000289916992	0.0	0.0
HES3	0.9970116361490893	0.9947916666666667	8.862500190734863	12.640000343322754	17.725000381469727	0.0	0.0
HES4	0.5454545454545454	0.5454545454545454	4.723999977111816	4.723999977111816	4.723999977111816	0.0	0.0
HEYL	1.0	1.0	18.200000762939453	18.200000762939453	18.200000762939453	0.0	0.0
HFM1	0.9286119485433351	0.8970212765957447	2.815799930691719	5.502999782562256	14.078999653458595	0.0	0.0
HHAT	0.5451573627369636	0.7283813747228381	15.406999588012695	25.799999237060547	30.81399917602539	0.0	0.0
HHIPL2	0.4702194872864635	0.49428415382876945	7.657499849796295	14.569999694824219	15.31499969959259	0.0	0.0
HIPK1	0.5057078487742233	0.4918487394957983	8.458999872207642	11.579999923706055	16.917999744415283	0.0	0.0
HIVEP3	0.7039247051432019	0.7757571371160015	8.376200014104446	23.5	125.64300021156669	0.0	0.0
HLX	0.4957279077096076	0.48915882174309144	16.000000476837158	17.690000534057617	32.000000953674316	0.0	0.0
HMCN1	1.0	1.0	13.078500270843506	21.700000762939453	26.15700054168701	0.0	0.0
HMGB4	0.4260940371825401	0.43725547730829417	10.779999732971191	15.149999618530273	21.559999465942383	0.0	0.0
HMGCL	1.0	1.0	8.595999717712402	8.595999717712402	8.595999717712402	0.0	0.0
HNRNPCL2	0.42857142857142855	0.42857142857142855	12.220000267028809	12.220000267028809	12.220000267028809	0.0	0.0
HNRNPU	0.47580645161290325	0.47580645161290325	14.760000228881836	14.760000228881836	14.760000228881836	0.0	0.0
HORMAD1	1.0	1.0	0.3930000066757202	0.3930000066757202	0.3930000066757202	0.0	0.0
HPCAL4	1.0	1.0	13.319999694824219	13.319999694824219	13.319999694824219	0.0	0.0
HRNR	0.452276528921465	0.546680314449377	3.607307717905571	17.889999389648438	140.68500099831726	0.0	0.0
HSD3B1	0.5009815780199526	0.7473684210526316	3.155499901622534	6.232999801635742	6.310999803245068	0.0	0.0
HSPA6	0.5954481123953215	0.563639172072907	4.635500073432922	7.5370001792907715	9.271000146865845	0.0	0.0
HSPB11	0.5501739753100912	0.5555555555555555	1.8203333814938862	2.877000093460083	5.461000144481659	0.0	0.0
HSPG2	0.6849704080625572	0.7018760456378393	8.822999939812641	23.5	167.6369988564402	0.0	0.0
HTR6	0.4902597402597403	0.4902597402597403	6.696000099182129	6.696000099182129	6.696000099182129	0.0	0.0
HYI	0.7590078293781638	0.75	6.702499866485596	6.943999767303467	13.404999732971191	0.0	0.0
ID3	0.576271186440678	0.576271186440678	0.1420000046491623	0.1420000046491623	0.1420000046491623	0.0	0.0
IER5	0.5590338462895297	0.6110629514963881	10.037000119686127	22.600000381469727	50.18500059843063	0.0	0.0
IFI16	0.9805214299393462	0.8366533864541833	0.15933333647747835	0.4090000092983246	0.47800000943243504	0.0	0.0
IGFN1	0.6500099725817803	0.550780239347153	2.609888923994731	20.600000381469727	93.95600126381032	0.0	0.0
IGSF3	0.461864406779661	0.461864406779661	0.0010000000474974513	0.0010000000474974513	0.0010000000474974513	0.0	0.0
IGSF9	0.5218215851214945	0.6807960199004975	16.15999987224738	27.5	48.479999616742134	0.0	0.0
IKBKE	0.5743776498718233	0.6375680580762251	7.862333552290996	17.780000686645508	23.587000656872988	0.0	0.0
IL12RB2	0.9276932465507215	0.7585227272727273	0.17699999921023846	0.3009999990463257	0.3539999984204769	0.0	0.0
IL19	1.0	1.0	2.1619999408721924	2.1619999408721924	2.1619999408721924	0.0	0.0
IL22RA1	0.47989999555164164	0.46761870364883307	4.464749991893768	12.869999885559082	17.858999967575073	0.0	0.0
IL23R	1.0	1.0	11.449999809265137	11.449999809265137	11.449999809265137	0.0	0.0
IL24	0.4692982456140351	0.4692982456140351	22.299999237060547	22.299999237060547	22.299999237060547	0.0	0.0
IL6R	1.0	1.0	14.75	14.75	14.75	0.0	0.0
INKA2	1.0	1.0	6.53000020980835	6.53000020980835	6.53000020980835	0.0	0.0
INPP5B	0.4677736017162128	0.49719005612131734	10.730333243807157	16.59000015258789	32.19099973142147	0.0	0.0
INSL5	1.0	1.0	0.061000000685453415	0.061000000685453415	0.061000000685453415	0.0	0.0
INTS11	0.9889851604758344	0.7032346605517338	2.782000045912961	8.156000137329102	8.346000137738883	0.0	0.0
IPO13	1.0	1.0	0.29499998688697815	0.29499998688697815	0.29499998688697815	0.0	0.0
IQGAP3	1.0	1.0	12.866000080108643	23.5	64.33000040054321	0.0	0.0
IRF6	1.0	1.0	0.2930000126361847	0.2930000126361847	0.2930000126361847	0.0	0.0
ISG15	0.5024154589371981	0.5024154589371981	3.7960000038146973	3.7960000038146973	3.7960000038146973	0.0	0.0
ISG20L2	0.4858757062146893	0.4858757062146893	1.4179999828338623	1.4179999828338623	1.4179999828338623	0.0	0.0
ITGA10	0.4488888888888889	0.4488888888888889	1.1239999532699585	1.1239999532699585	1.1239999532699585	0.0	0.0
ITGB3BP	1.0	1.0	1.434999942779541	1.434999942779541	1.434999942779541	0.0	0.0
ITLN1	0.5270061594710583	0.54976877339793	7.779499962925911	15.329999923706055	15.558999925851822	0.0	0.0
ITLN2	0.42857142857142855	0.42857142857142855	0.0010000000474974513	0.0010000000474974513	0.0010000000474974513	0.0	0.0
ITPKB	1.0	1.0	3.8350000381469727	3.8350000381469727	3.8350000381469727	0.0	0.0
IVL	1.0	1.0	1.1292500220006332	2.890000104904175	4.517000088002533	0.0	0.0
JMJD4	1.0	1.0	6.304999828338623	6.304999828338623	6.304999828338623	0.0	0.0
KANK4	0.6634001659731328	0.5845226201532371	4.6065455295822835	15.15999984741211	50.67200082540512	0.0	0.0
KAZN	0.5	0.5	18.1200008392334	18.1200008392334	18.1200008392334	0.0	0.0
KCNA10	0.7489829325725872	0.8522727272727272	4.4579999049504595	7.574999809265137	13.37399971485138	0.0	0.0
KCNAB2	1.0	1.0	0.7639999985694885	0.7639999985694885	0.7639999985694885	0.0	0.0
KCND3	0.4864864864864865	0.4864864864864865	1.909999966621399	1.909999966621399	1.909999966621399	0.0	0.0
KCNH1	0.4146341463414634	0.4146341463414634	0.15299999713897705	0.15299999713897705	0.15299999713897705	0.0	0.0
KCNN3	0.4732187314232954	0.47746360582306835	2.2635000348091125	3.2880001068115234	4.527000069618225	0.0	0.0
KCNQ4	0.4071308604266042	0.42932307826770966	9.409499764442444	14.979999542236328	18.818999528884888	0.0	0.0
KCNT2	0.7586048437738773	0.7332402234636871	6.0315001010894775	6.605000019073486	12.063000202178955	0.0	0.0
KCTD3	1.0	1.0	17.559999465942383	17.559999465942383	17.559999465942383	0.0	0.0
KDM4A	1.0	1.0	13.4399995803833	13.4399995803833	13.4399995803833	0.0	0.0
KDM5B	0.48003383965359303	0.49217518193418935	2.9992499854415655	7.10099983215332	11.996999941766262	0.0	0.0
KIAA0754	0.9941860465116279	0.9941860465116279	2.4600000381469727	2.4600000381469727	2.4600000381469727	0.0	0.0
KIAA1614	0.6810206587545267	0.6128799842361342	6.162666767835617	17.110000610351562	36.9760006070137	0.0	0.0
KIAA2013	1.0	1.0	4.394999980926514	4.394999980926514	4.394999980926514	0.0	0.0
KIF14	0.8231574257674688	0.6453288942695722	3.7046666145324707	7.486999988555908	11.113999843597412	0.0	0.0
KIF17	0.7741511718651293	0.8195329087048832	8.797666708628336	11.010000228881836	26.39300012588501	0.0	0.0
KIF1B	0.49544544409091135	0.4893427972717561	8.36549997329712	11.0	16.73099994659424	0.0	0.0
KIF26B	0.665334095928433	0.8162327718223583	5.203333241244157	9.47599983215332	15.609999723732471	0.0	0.0
KIF2C	0.5231719544693483	0.5301166753929389	12.725000222524008	21.100000381469727	38.17500066757202	0.0	0.0
KLF17	0.46476291286415344	0.6263772175536881	3.0214999499439728	10.989999771118164	12.085999799775891	0.0	0.0
KLF18	0.5077283361628403	0.75	1.0674999989569187	2.1019999980926514	2.1349999979138374	0.0	0.0
KLHDC7A	0.5876109521664975	0.6690075848819187	6.956083312630653	17.979999542236328	83.47299975156784	0.0	0.0
KLHDC8A	0.473466848749883	0.47038727341335057	4.505333463350932	9.98900032043457	13.516000390052795	0.0	0.0
KLHDC9	0.5064377682403434	0.5064377682403434	15.529999732971191	15.529999732971191	15.529999732971191	0.0	0.0
KLHL12	0.5423728813559322	0.5423728813559322	0.796999990940094	0.796999990940094	0.796999990940094	0.0	0.0
KLHL17	1.0	1.0	0.6809999942779541	0.6809999942779541	0.6809999942779541	0.0	0.0
KLHL21	0.5691056910569106	0.5691056910569106	1.430999994277954	1.430999994277954	1.430999994277954	0.0	0.0
KMO	0.6936723703672714	0.7428571428571429	8.20549988746643	9.774999618530273	16.41099977493286	0.0	0.0
KPRP	0.5453573982849027	0.5361731363792511	3.539499878883362	5.699999809265137	7.078999757766724	0.0	0.0
KYAT3	1.0	1.0	8.598999977111816	8.598999977111816	8.598999977111816	0.0	0.0
L1TD1	0.45721775126471975	0.47714217939991377	4.653999984264374	12.630000114440918	27.923999905586243	0.0	0.0
LACTBL1	0.44630071599045346	0.44630071599045346	17.68000030517578	17.68000030517578	17.68000030517578	0.0	0.0
LAD1	1.0	1.0	4.006000034511089	10.670000076293945	12.018000103533268	0.0	0.0
LAMB3	1.0	1.0	1.577666699886322	4.308000087738037	4.733000099658966	0.0	0.0
LAMC1	0.7409075632999349	0.8270635338565828	6.0315554779436855	14.949999809265137	54.28399930149317	0.0	0.0
LAMC2	0.5075308099940975	0.4982137862733831	10.882166435321173	23.0	65.29299861192703	0.0	0.0
LAMTOR2	0.5205479452054794	0.5205479452054794	9.236000061035156	9.236000061035156	9.236000061035156	0.0	0.0
LAMTOR5	0.4731676053723425	0.4554532333469298	3.1010000109672546	4.828000068664551	6.202000021934509	0.0	0.0
LAPTM5	0.5221518987341772	0.5221518987341772	0.16599999368190765	0.16599999368190765	0.16599999368190765	0.0	0.0
LBR	0.5638410122173697	0.7073065712771596	0.5467499976512045	1.2319999933242798	2.186999990604818	0.0	0.0
LCE1C	0.4166666666666667	0.4166666666666667	0.4869999885559082	0.4869999885559082	0.4869999885559082	0.0	0.0
LCE1E	0.5185185185185185	0.5185185185185185	4.2769999504089355	4.2769999504089355	4.2769999504089355	0.0	0.0
LCE2D	0.4811320754716981	0.4811320754716981	9.180000305175781	9.180000305175781	9.180000305175781	0.0	0.0
LCE3D	0.4444444444444444	0.4444444444444444	4.215000152587891	4.215000152587891	4.215000152587891	0.0	0.0
LCE5A	0.4583333333333333	0.4583333333333333	14.40999984741211	14.40999984741211	14.40999984741211	0.0	0.0
LDLRAD1	0.4840182648401826	0.4840182648401826	0.4090000092983246	0.4090000092983246	0.4090000092983246	0.0	0.0
LDLRAD2	1.0	1.0	14.100000381469727	14.100000381469727	14.100000381469727	0.0	0.0
LDLRAP1	0.5396825396825397	0.5396825396825397	24.799999237060547	24.799999237060547	24.799999237060547	0.0	0.0
LEFTY2	0.6052631578947368	0.6052631578947368	26.5	26.5	26.5	0.0	0.0
LEPR	0.5	0.5	0.32899999618530273	0.32899999618530273	0.32899999618530273	0.0	0.0
LEXM	1.0	1.0	28.100000381469727	28.100000381469727	28.100000381469727	0.0	0.0
LGALS8	0.510965296592475	0.5185414311560304	8.673374891281128	24.799999237060547	69.38699913024902	0.0	0.0
LGR6	0.5760837413991496	0.7095971909259192	4.342249883338809	22.299999237060547	34.73799906671047	0.0	0.0
LHX4	0.41509433962264153	0.41509433962264153	15.649999618530273	15.649999618530273	15.649999618530273	0.0	0.0
LHX9	1.0	1.0	2.937000036239624	2.937000036239624	2.937000036239624	0.0	0.0
LIX1L	0.6108222862370433	0.7625	15.195499897003174	24.899999618530273	30.390999794006348	0.0	0.0
LMOD1	0.4350282485875706	0.4350282485875706	3.7790000438690186	3.7790000438690186	3.7790000438690186	0.0	0.0
LMX1A	0.706093780318932	0.6716498788728803	8.897333463033041	11.260000228881836	26.69200038909912	0.0	0.0
LORICRIN	0.4676258992805755	0.4676258992805755	6.776000022888184	6.776000022888184	6.776000022888184	0.0	0.0
LRIF1	1.0	1.0	12.619999885559082	12.619999885559082	12.619999885559082	0.0	0.0
LRIG2	1.0	1.0	2.796999931335449	2.796999931335449	2.796999931335449	0.0	0.0
LRP8	0.5083987819630628	0.5489039228081447	11.615333338578543	33.0	69.69200003147125	0.0	0.0
LRRC38	0.4552131770925928	0.4667441860465116	8.00050002336502	14.960000038146973	16.00100004673004	0.0	0.0
LRRC41	0.4782608695652174	0.4782608695652174	27.299999237060547	27.299999237060547	27.299999237060547	1.0	0.0
LRRC42	0.5	0.5	1.0470000505447388	1.0470000505447388	1.0470000505447388	0.0	0.0
LRRC53	1.0	1.0	3.573600007593632	8.395999908447266	17.86800003796816	0.0	0.0
LRRC71	0.5078534031413613	0.5078534031413613	0.008999999612569809	0.008999999612569809	0.008999999612569809	0.0	0.0
LRRC8B	0.5000074600421578	0.5013661202185793	7.324999827891588	14.609999656677246	14.649999655783176	0.0	0.0
LRRC8C	1.0	1.0	20.5	20.5	20.5	0.0	0.0
LRRIQ3	0.43103448275862066	0.43103448275862066	0.013000000268220901	0.013000000268220901	0.013000000268220901	0.0	0.0
LRRN2	0.4634146341463415	0.4634146341463415	5.89300012588501	5.89300012588501	5.89300012588501	0.0	0.0
LUZP1	1.0	1.0	10.530399794876576	18.549999237060547	52.65199897438288	0.0	0.0
LYPLAL1	1.0	1.0	12.410000324249268	16.020000457763672	24.820000648498535	0.0	0.0
MACF1	1.0	1.0	18.650000254313152	21.0	55.95000076293945	0.0	0.0
MAGI3	0.44036697247706424	0.44036697247706424	3.7119998931884766	3.7119998931884766	3.7119998931884766	0.0	0.0
MAP10	0.41379310344827586	0.41379310344827586	8.09000015258789	8.09000015258789	8.09000015258789	0.0	0.0
MAP3K21	0.5338018259744799	0.5153345989481407	3.602333386739095	9.175000190734863	10.807000160217285	0.0	0.0
MASP2	1.0	1.0	13.17300021648407	24.600000381469727	26.34600043296814	0.0	0.0
MAST2	0.5490499668995846	0.674541110024981	8.075999808311462	19.469999313354492	40.37999904155731	0.0	0.0
MATN1	0.5216688103459309	0.5212180575285001	2.54700004006736	5.091000080108643	5.09400008013472	0.0	0.0
MCOLN3	1.0	1.0	0.05400000140070915	0.05400000140070915	0.05400000140070915	0.0	0.0
MECR	1.0	1.0	10.241000175476074	14.3100004196167	20.48200035095215	0.0	0.0
MED8	0.5180327868852459	0.5180327868852459	11.270000457763672	11.270000457763672	11.270000457763672	0.0	0.0
MEF2D	1.0	1.0	5.461999773979187	8.399999618530273	10.923999547958374	0.0	0.0
MEGF6	0.7953356997032033	0.7984582804438348	9.19855536085864	24.799999237060547	82.78699824772775	0.0	0.0
METTL11B	0.41707505910863857	0.4527687184000276	7.068000058333079	12.670000076293945	21.204000174999237	0.0	0.0
MFAP2	1.0	1.0	0.7609999775886536	0.7609999775886536	0.7609999775886536	0.0	0.0
MFSD4A	1.0	1.0	11.281999826431274	16.809999465942383	22.56399965286255	0.0	0.0
MIA3	0.5893342067051403	0.7051353273074188	7.332800111174583	18.93000030517578	36.66400055587292	0.0	0.0
MIB2	0.6361451654835462	0.7314285714285714	6.978999853134155	9.454999923706055	13.95799970626831	0.0	0.0
MIIP	0.5154639175257731	0.5154639175257731	12.140000343322754	12.140000343322754	12.140000343322754	0.0	0.0
MINDY1	0.9987485795109343	0.9979423868312758	10.842000007629395	15.09000015258789	21.68400001525879	0.0	0.0
MMACHC	1.0	1.0	2.1530001163482666	2.1530001163482666	2.1530001163482666	0.0	0.0
MMEL1	0.451938119655778	0.44814980238057167	2.5079999472713097	5.789999961853027	12.539999736356549	0.0	0.0
MNDA	1.0	1.0	0.35100001096725464	0.35100001096725464	0.35100001096725464	0.0	0.0
MPC2	0.5294117647058824	0.5294117647058824	8.87399959564209	8.87399959564209	8.87399959564209	0.0	0.0
MROH7	0.5745525977563424	0.6951049103727587	9.472124865278602	23.0	75.77699892222881	0.0	0.0
MROH9	1.0	1.0	0.8899999810382724	2.98799991607666	3.5599999241530895	0.0	0.0
MRPL37	0.9598896688568582	0.7259036144578314	5.008999913930893	9.28499984741211	10.017999827861786	0.0	0.0
MRPS15	0.806726715299777	0.7657342657342657	5.060500144958496	5.946000099182129	10.121000289916992	0.0	0.0
MRPS21	1.0	1.0	15.920000076293945	15.920000076293945	15.920000076293945	0.0	0.0
MSH4	0.7836424608832048	0.6971983990851914	4.418333242336909	6.5929999351501465	13.254999727010727	0.0	0.0
MST1L	0.4564460729777901	0.5228758169934641	10.098666985829672	13.680000305175781	30.296000957489014	0.0	0.0
MTARC1	1.0	1.0	7.098999977111816	7.098999977111816	7.098999977111816	0.0	0.0
MTARC2	0.525273916725893	0.5209223847019122	3.1249998807907104	5.173999786376953	6.249999761581421	0.0	0.0
MTF1	0.4883720930232558	0.4883720930232558	18.389999389648438	18.389999389648438	18.389999389648438	0.0	0.0
MTHFR	0.521040770301024	0.7440191387559809	15.124999642372131	28.299999237060547	30.249999284744263	0.0	0.0
MTMR11	0.4416513067210965	0.44535211267605634	11.794500350952148	19.950000762939453	23.589000701904297	0.0	0.0
MTOR	1.0	1.0	2.1036667029062905	2.7880001068115234	6.311000108718872	0.0	0.0
MTR	0.47088602142334857	0.6247527461913899	6.79749999102205	25.0	27.1899999640882	0.0	0.0
MTX1	0.4830508474576271	0.4830508474576271	13.600000381469727	13.600000381469727	13.600000381469727	0.0	0.0
MUC1	0.8823682248037322	0.80373877873138	2.740833342075348	6.129000186920166	16.445000052452087	0.0	0.0
MXRA8	0.5957446808510638	0.5957446808510638	23.0	23.0	23.0	0.0	0.0
MYBPHL	0.749392072750688	0.8402777777777778	14.84999974568685	23.299999237060547	44.54999923706055	0.0	0.0
MYCL	1.0	1.0	18.270000457763672	18.270000457763672	18.270000457763672	0.0	0.0
MYOM3	0.585850152420743	0.5357561675624266	10.06279987823218	28.299999237060547	100.62799878232181	0.0	0.0
MYSM1	0.6759871108573616	0.7509469696969696	10.300750017166138	18.760000228881836	41.20300006866455	0.0	0.0
NADK	0.5000383466366233	0.5219406674907293	3.433000066783279	6.860000133514404	6.866000133566558	0.0	0.0
NASP	0.986547308662725	0.7903780068728522	5.531666745742162	10.920000076293945	16.595000237226486	0.0	0.0
NAV1	0.4634146341463415	0.4634146341463415	10.329999923706055	10.329999923706055	10.329999923706055	0.0	0.0
NAXE	1.0	1.0	7.875750046223402	13.079999923706055	31.503000184893608	0.0	0.0
NBPF1	0.32850136608869906	0.35833281337742556	0.7856666495402654	1.6979999542236328	2.356999948620796	0.0	0.0
NBPF10	1.0	1.0	4.289999961853027	4.289999961853027	4.289999961853027	0.0	0.0
NBPF11	0.34835722391962254	0.3833019065577205	15.591000080108643	27.100000381469727	46.77300024032593	0.0	1.0
NBPF12	1.0	1.0	6.429999947547913	12.329999923706055	12.859999895095825	0.0	0.0
NBPF15	1.0	1.0	1.6549999713897705	1.6549999713897705	1.6549999713897705	0.0	0.0
NBPF26	0.9798567593342369	0.8125	0.3723333279291789	1.065999984741211	1.1169999837875366	0.0	0.0
NBPF3	0.46499060989301494	0.4581486055162079	5.313166724207501	16.440000534057617	31.879000345245004	0.0	0.0
NBPF7	1.0	1.0	3.4340001344680786	4.510000228881836	6.868000268936157	0.0	0.0
NBPF8	0.6676186628488044	0.5416666666666666	1.8570000634839137	2.811000108718872	5.571000190451741	0.0	0.0
NBPF9	0.5329847362955167	0.5175716440422323	1.7049999884795397	6.073999881744385	8.524999942397699	0.0	0.0
NCF2	0.5103760958992625	0.5138437110925801	14.084333578745523	19.59000015258789	42.25300073623657	0.0	0.0
NDUFS2	0.5304347826086957	0.5304347826086957	12.520000457763672	12.520000457763672	12.520000457763672	0.0	0.0
NEGR1	1.0	1.0	3.4730000495910645	3.4730000495910645	3.4730000495910645	0.0	0.0
NEK2	0.5911072588989053	0.46622348844571065	6.169000014662743	14.220000267028809	18.507000043988228	0.0	0.0
NENF	0.47440273037542663	0.47440273037542663	0.07400000095367432	0.07400000095367432	0.07400000095367432	0.0	0.0
NES	0.5817540306370461	0.6067358606968327	2.8248000286519526	12.130000114440918	14.124000143259764	0.0	0.0
NFASC	0.7919862444558906	0.7632183908045977	18.725000381469727	21.0	37.45000076293945	0.0	0.0
NFIA	1.0	1.0	2.308000087738037	2.308000087738037	2.308000087738037	0.0	0.0
NFYC	0.5492957746478874	0.5492957746478874	10.270000457763672	10.270000457763672	10.270000457763672	0.0	0.0
NGF	1.0	1.0	21.799999237060547	21.799999237060547	21.799999237060547	0.0	0.0
NIBAN1	1.0	1.0	6.64300012588501	6.64300012588501	6.64300012588501	0.0	0.0
NID1	0.4669674255364312	0.46968846306622763	3.6993332703908286	9.508999824523926	11.097999811172485	0.0	0.0
NIPAL3	0.6333333333333333	0.6333333333333333	10.0	10.0	10.0	0.0	0.0
NIT1	0.5152354570637119	0.5152354570637119	16.399999618530273	16.399999618530273	16.399999618530273	0.0	0.0
NLRP3	1.0	1.0	3.1019999980926514	3.1019999980926514	3.1019999980926514	0.0	0.0
NOC2L	0.7399485251822759	0.885	3.7885001245886087	8.567000389099121	15.154000498354435	0.0	0.0
NOL9	0.6860946780862144	0.6553669137741331	11.121200132369996	21.200000762939453	55.606000661849976	0.0	0.0
NOS1AP	0.44155844155844154	0.44155844155844154	3.6559998989105225	3.6559998989105225	3.6559998989105225	0.0	0.0
NPHP4	0.9997051064071982	0.9993319973279893	1.0533333122730255	1.5119999647140503	3.1599999368190765	0.0	0.0
NPHS2	0.4779525981853866	0.4651182425346682	6.335750073194504	16.420000076293945	25.343000292778015	1.0	0.0
NR1I3	0.47808764940239046	0.47808764940239046	9.001999855041504	9.001999855041504	9.001999855041504	0.0	0.0
NRDC	0.49017895939432765	0.4663299663299663	9.733499765396118	17.479999542236328	19.466999530792236	0.0	0.0
NSL1	0.6166961407369231	0.8385964912280702	2.5096666657288247	5.960000038146973	7.5289999971864745	0.0	0.0
NSUN4	0.47538519523004197	0.4768199365144001	6.5093332926432295	7.89300012588501	19.527999877929688	0.0	0.0
NTNG1	1.0	1.0	6.730999946594238	6.730999946594238	6.730999946594238	0.0	0.0
NTRK1	0.5448508669435819	0.6315496531013772	14.152749955654144	26.399999618530273	56.61099982261658	1.0	0.0
NUAK2	0.7146125847331324	0.6255975527228237	3.4302499815821648	6.723999977111816	13.720999926328659	0.0	0.0
NUP133	0.47108345413085173	0.4690409087072131	7.604249954223633	16.56999969482422	30.41699981689453	0.0	0.0
NUP210L	1.0	1.0	0.5249999761581421	0.5249999761581421	0.5249999761581421	0.0	0.0
NVL	0.8138842749237024	0.8326118326118327	5.158999919891357	7.3979997634887695	15.476999759674072	0.0	0.0
OBSCN	0.7597056519021079	0.7511855706737057	7.900171483148422	21.700000762939453	276.50600191019475	0.0	0.0
ODF2L	0.47589036787903843	0.4633988013789839	4.55779995918274	6.61899995803833	22.788999795913696	0.0	0.0
OLFML2B	0.4662854029385244	0.6377012072434608	6.4313332835833235	11.199999809265137	19.29399985074997	0.0	0.0
OMA1	0.45116205132204806	0.453846649399786	10.555999755859375	19.969999313354492	31.667999267578125	0.0	0.0
OPRD1	0.7577519372169688	0.7222222222222222	12.039999961853027	13.579999923706055	24.079999923706055	0.0	0.0
OR10J1	0.5019471049291853	0.6629047754367448	7.718333292674894	14.640000343322754	23.154999878024682	0.0	0.0
OR10J4	1.0	1.0	0.7789999842643738	0.7789999842643738	0.7789999842643738	0.0	0.0
OR10J5	1.0	1.0	4.066999912261963	4.066999912261963	4.066999912261963	0.0	0.0
OR10K2	1.0	1.0	4.0350000858306885	4.997000217437744	8.070000171661377	0.0	0.0
OR10R2	0.45926415149444905	0.47964090820629934	7.91333336631457	21.0	23.74000009894371	0.0	0.0
OR10T2	1.0	1.0	14.107400131225585	24.200000762939453	70.53700065612793	0.0	0.0
OR10X1	0.443110328481122	0.43100118965595263	11.996749952435493	35.0	47.986999809741974	0.0	1.0
OR11L1	0.5005235012456715	0.49453528359442217	6.403714290687016	19.100000381469727	44.82600003480911	0.0	0.0
OR13G1	1.0	1.0	10.785999551415443	17.459999084472656	43.143998205661774	0.0	0.0
OR14A16	1.0	1.0	3.37650004029274	6.104000091552734	6.75300008058548	0.0	0.0
OR14C36	1.0	1.0	11.633999943733215	18.709999084472656	46.53599977493286	0.0	0.0
OR14I1	1.0	1.0	4.28399991095066	13.649999618530273	21.419999554753304	0.0	0.0
OR1C1	1.0	1.0	5.369500041007996	6.9730000495910645	10.739000082015991	0.0	0.0
OR2AK2	0.509056885132898	0.5079701120797011	8.433000311255455	16.610000610351562	16.86600062251091	0.0	0.0
OR2B11	0.5419114852649878	0.7446043165467626	11.262000322341919	20.200000762939453	22.524000644683838	0.0	0.0
OR2C3	0.8344426260658181	0.8409356725146199	5.201666673024495	8.993000030517578	15.605000019073486	0.0	0.0
OR2G2	0.6968457946348201	0.6681818181818183	13.369333108266195	19.209999084472656	40.107999324798584	0.0	0.0
OR2G3	0.44696969696969696	0.44696969696969696	17.40999984741211	17.40999984741211	17.40999984741211	0.0	0.0
OR2G6	1.0	1.0	0.22599999606609344	0.22599999606609344	0.22599999606609344	0.0	0.0
OR2L3	0.22566364657893417	0.21764705882352942	3.3404998779296875	4.857999801635742	6.680999755859375	0.0	0.0
OR2L8	0.961102979549447	0.8902777777777778	8.880500091426075	33.0	88.80500091426075	0.0	1.0
OR2M2	1.0	1.0	5.0676666249831515	13.869999885559082	15.202999874949455	0.0	0.0
OR2M3	1.0	1.0	0.47200000286102295	0.47200000286102295	0.47200000286102295	0.0	0.0
OR2M4	1.0	1.0	1.3350000381469727	1.3350000381469727	1.3350000381469727	0.0	0.0
OR2M7	0.9301050927513301	0.8333333333333334	14.71733315785726	19.520000457763672	44.15199947357178	0.0	0.0
OR2T1	1.0	1.0	3.747999906539917	3.747999906539917	3.747999906539917	0.0	0.0
OR2T11	1.0	1.0	4.662500023841858	6.360000133514404	9.325000047683716	0.0	0.0
OR2T12	0.868956884275796	0.75	4.690250128507614	12.390000343322754	18.761000514030457	0.0	0.0
OR2T27	0.6793431383852012	0.6890906315906316	7.339333275953929	22.899999618530273	44.03599965572357	0.0	0.0
OR2T29	1.0	1.0	0.9779999852180481	0.9779999852180481	0.9779999852180481	0.0	0.0
OR2T33	0.8272013539524267	0.6171428571428572	4.640000013075769	15.920000076293945	23.200000065378845	0.0	0.0
OR2T34	1.0	1.0	1.343999981880188	1.343999981880188	1.343999981880188	0.0	0.0
OR2T35	0.9958561479050169	0.9	5.369400060363114	23.100000381469727	26.84700030181557	0.0	0.0
OR2T5	1.0	1.0	3.9560000896453857	3.9560000896453857	3.9560000896453857	0.0	0.0
OR2T6	1.0	1.0	0.3799999952316284	0.3799999952316284	0.3799999952316284	0.0	0.0
OR2T7	0.3462182185486358	0.4546233685546947	4.7101665536562605	14.729999542236328	28.26099932193756	0.0	0.0
OR2T8	0.7530055921698503	0.6833333333333335	10.177333196004232	16.649999618530273	30.531999588012695	0.0	0.0
OR2W3	0.4642857142857143	0.4642857142857143	13.869999885559082	13.869999885559082	13.869999885559082	0.0	0.0
OR2W5	0.5262054321345545	0.5231655499264585	9.774499893188477	12.399999618530273	19.548999786376953	0.0	0.0
OR6K3	0.484716934604394	0.508887869351737	5.597000112136205	12.390000343322754	16.791000336408615	0.0	0.0
OR6N1	0.9761162011673202	0.9032073310423826	9.839833239714304	19.420000076293945	59.03899943828583	0.0	0.0
OR6P1	0.49136811007838177	0.49683311238768596	4.052999973297119	4.986999988555908	8.105999946594238	0.0	0.0
OSBPL9	0.4878048780487805	0.4878048780487805	27.200000762939453	27.200000762939453	27.200000762939453	0.0	0.0
OTUD7B	0.44242424242424244	0.44242424242424244	0.515999972820282	0.515999972820282	0.515999972820282	0.0	0.0
OVGP1	0.5523146573193839	0.5336886039058626	2.874000107869506	8.42300033569336	11.496000431478024	0.0	0.0
OXCT2	0.4092664092664093	0.4092664092664093	0.9829999804496765	0.9829999804496765	0.9829999804496765	0.0	0.0
P3R3URF-PIK3R3	0.9975226856517343	0.9975500779656952	13.19100022315979	18.43000030517578	26.38200044631958	0.0	0.0
PADI1	1.0	1.0	7.171999931335449	7.171999931335449	7.171999931335449	0.0	0.0
PADI2	0.9999542332151818	0.9991289198606272	5.043750077486038	9.319000244140625	20.175000309944153	0.0	0.0
PADI3	0.3943373144600165	0.6875	3.4745001047849655	6.734000205993652	6.949000209569931	0.0	0.0
PADI4	1.0	1.0	5.506000154418871	17.1200008392334	27.530000772094354	0.0	0.0
PADI6	0.5398773006134969	0.5398773006134969	1.3639999628067017	1.3639999628067017	1.3639999628067017	0.0	0.0
PANK4	0.6971671368112364	0.7690217391304348	13.546000003814697	17.760000228881836	27.092000007629395	0.0	0.0
PARP1	1.0	1.0	7.670000076293945	7.670000076293945	7.670000076293945	0.0	0.0
PARS2	0.4536323522224432	0.509935155164428	6.102000057697296	12.130000114440918	12.204000115394592	0.0	0.0
PATJ	0.8208414299134033	0.6799200658660673	4.53557140486581	18.739999771118164	31.74899983406067	0.0	0.0
PCSK9	1.0	1.0	4.311750065535307	8.868000030517578	17.247000262141228	0.0	0.0
PDE4B	1.0	1.0	6.866000175476074	6.866000175476074	6.866000175476074	0.0	0.0
PDE4DIP	0.2222222222222222	0.2222222222222222	9.512999534606934	9.512999534606934	9.512999534606934	0.0	0.0
PDIK1L	1.0	1.0	2.9750000834465027	5.728000164031982	5.950000166893005	0.0	0.0
PDPN	0.7528669176997718	0.7657894736842106	6.7875001430511475	7.1620001792907715	13.575000286102295	0.0	0.0
PEAR1	0.884724116590543	0.7372262773722628	12.355000495910645	19.290000915527344	24.71000099182129	0.0	0.0
PER3	1.0	1.0	1.1510000391863286	2.6070001125335693	4.604000156745315	0.0	0.0
PERM1	0.5288074788134138	0.5449454375466366	3.2916666381061077	13.949999809265137	19.749999828636646	1.0	1.0
PEX10	1.0	1.0	0.017000000923871994	0.017000000923871994	0.017000000923871994	0.0	0.0
PEX14	1.0	1.0	9.191999912261963	13.079999923706055	18.383999824523926	0.0	0.0
PFKFB2	0.3564356435643564	0.3564356435643564	8.354000091552734	8.354000091552734	8.354000091552734	0.0	0.0
PGD	0.5428748100083169	0.4993282579489476	5.971999824047089	11.609999656677246	11.943999648094177	0.0	0.0
PGLYRP4	1.0	1.0	6.1756666501363116	11.119999885559082	18.526999950408936	0.0	0.0
PGM1	0.5247524752475248	0.5247524752475248	32.0	32.0	32.0	0.0	0.0
PHACTR4	0.5597139987462507	0.5080031291495198	3.134999915957451	8.96399974822998	9.404999747872353	0.0	0.0
PHC2	0.53125	0.53125	7.683000087738037	7.683000087738037	7.683000087738037	0.0	0.0
PHGDH	0.5583596214511041	0.5583596214511041	0.2709999978542328	0.2709999978542328	0.2709999978542328	0.0	0.0
PHLDA3	0.5220125786163522	0.5220125786163522	27.0	27.0	27.0	0.0	0.0
PI4KB	0.509090909090909	0.509090909090909	7.76800012588501	7.76800012588501	7.76800012588501	0.0	0.0
PIGC	0.6488089928974832	0.7615384615384615	16.77150058746338	24.700000762939453	33.54300117492676	0.0	0.0
PIGK	0.7290687133993607	0.7565543071161049	9.614500045776367	10.699999809265137	19.229000091552734	0.0	0.0
PIGR	0.4344557326745022	0.45079291044776115	9.754999577999115	18.6299991607666	19.50999915599823	0.0	0.0
PIK3C2B	1.0	1.0	2.4805000200867653	4.835000038146973	4.961000040173531	0.0	0.0
PIP5K1A	0.4696969696969697	0.4696969696969697	1.2120000123977661	1.2120000123977661	1.2120000123977661	0.0	0.0
PKP1	1.0	1.0	0.13500000536441803	0.13500000536441803	0.13500000536441803	0.0	0.0
PLA2G2C	0.9830508474576272	0.9830508474576272	7.191999912261963	7.191999912261963	7.191999912261963	0.0	0.0
PLA2G2D	0.5282051282051282	0.5282051282051282	0.3179999887943268	0.3179999887943268	0.3179999887943268	0.0	0.0
PLA2G4A	1.0	1.0	18.190000534057617	18.190000534057617	18.190000534057617	0.0	0.0
PLCH2	0.6369317756008488	0.8326300984528833	3.6039999524752298	7.817999839782715	10.81199985742569	0.0	0.0
PLD5	0.4773662551440329	0.4773662551440329	14.59000015258789	14.59000015258789	14.59000015258789	0.0	0.0
PLEKHA6	0.46254914274646186	0.4765444667254944	9.76600015287598	17.360000610351562	29.29800045862794	0.0	0.0
PLEKHM2	0.42623810799168366	0.436158033033033	9.587666471799215	20.299999237060547	28.762999415397644	0.0	0.0
PLK3	0.47419354838709676	0.47419354838709676	0.460999995470047	0.460999995470047	0.460999995470047	0.0	0.0
PLOD1	0.47182822492442467	0.480530951433121	10.60800051689148	16.540000915527344	21.21600103378296	0.0	0.0
PLXNA2	0.44211381264750116	0.49572649572649574	9.491333643595377	18.780000686645508	28.474000930786133	0.0	0.0
PM20D1	0.5149172700798492	0.527849812645171	10.50214286913563	26.799999237060547	73.51500008394942	0.0	0.0
PMF1	0.4935839956645667	0.49528914879792074	16.299999713897705	16.8799991607666	32.59999942779541	0.0	0.0
PODN	1.0	1.0	8.187333166599274	14.149999618530273	24.56199949979782	0.0	0.0
POMGNT1	0.7857805419021628	0.6749470950365525	10.692000230153402	18.030000686645508	32.076000690460205	0.0	0.0
PPFIA4	0.7983816823091392	0.7200390404273899	11.5513334274292	18.09000015258789	34.6540002822876	0.0	0.0
PPIAL4H	0.5	0.5	17.959999084472656	17.959999084472656	17.959999084472656	0.0	0.0
PPIH	0.5172413793103449	0.5172413793103449	12.699999809265137	12.699999809265137	12.699999809265137	0.0	0.0
PPM1J	0.6965241263694029	0.7357723577235773	16.089999675750732	18.479999542236328	32.179999351501465	0.0	0.0
PPOX	0.4066666666666667	0.4066666666666667	3.3340001106262207	3.3340001106262207	3.3340001106262207	0.0	0.0
PPP2R5A	0.9982078853046595	0.9982078853046595	11.350000381469727	11.350000381469727	11.350000381469727	0.0	0.0
PRAMEF1	1.0	1.0	0.7289999723434448	0.7289999723434448	0.7289999723434448	0.0	0.0
PRAMEF15	0.2909090909090909	0.2909090909090909	3.117000102996826	3.117000102996826	3.117000102996826	0.0	0.0
PRAMEF18	0.5522031879834802	0.6045376901412787	2.4172726954248818	14.729999542236328	26.5899996496737	0.0	0.0
PRAMEF19	1.0	1.0	1.784000039100647	1.784000039100647	1.784000039100647	0.0	0.0
PRAMEF20	0.45500001311302185	0.45500001311302185	0.012000000104308128	0.012000000104308128	0.012000000104308128	0.0	0.0
PRAMEF27	1.0	1.0	4.980000019073486	4.980000019073486	4.980000019073486	0.0	0.0
PRAMEF33	0.3076923076923077	0.3076923076923077	2.631999969482422	2.631999969482422	2.631999969482422	0.0	0.0
PRAMEF7	0.4020284858066629	0.4444444444444444	7.964333256085713	18.0	23.89299976825714	0.0	0.0
PRDM16	0.4170938957606407	0.42235963879073424	16.59000015258789	19.200000762939453	33.18000030517578	0.0	0.0
PRDM2	0.4583333333333333	0.4583333333333333	0.3700000047683716	0.3700000047683716	0.3700000047683716	0.0	0.0
PRG4	0.46987951807228917	0.46987951807228917	0.7379999756813049	0.7379999756813049	0.7379999756813049	0.0	0.0
PRKAB2	0.3220338983050847	0.3220338983050847	13.109999656677246	13.109999656677246	13.109999656677246	0.0	0.0
PRKCZ	0.4879983275994214	0.5039075630252101	0.4220000058412552	0.6200000047683716	0.8440000116825104	0.0	0.0
PROK1	0.4772727272727273	0.4772727272727273	3.4200000762939453	3.4200000762939453	3.4200000762939453	0.0	0.0
PRPF38B	0.6188173522922353	0.617504835589942	22.050000190734863	22.5	44.10000038146973	0.0	0.0
PRSS38	0.41935483870967744	0.41935483870967744	2.6589999198913574	2.6589999198913574	2.6589999198913574	0.0	0.0
PRUNE1	0.7194442252544522	0.771356783919598	6.2190001010894775	7.63100004196167	12.438000202178955	0.0	0.0
PSEN2	0.43808385286914603	0.4806087632174589	2.192000032713016	5.361000061035156	6.576000098139048	0.0	0.0
PSMB4	1.0	1.0	6.0329999923706055	6.0329999923706055	6.0329999923706055	0.0	0.0
PSMD4	0.4888888888888889	0.4888888888888889	1.9479999542236328	1.9479999542236328	1.9479999542236328	0.0	0.0
PSRC1	1.0	1.0	4.256999969482422	4.256999969482422	4.256999969482422	0.0	0.0
PTCH2	0.5354867811835903	0.4944718162950208	12.845666885375977	22.200000762939453	38.53700065612793	0.0	0.0
PTGFRN	0.6919500888898591	0.7475961538461539	11.441000163555145	17.670000076293945	45.76400065422058	0.0	0.0
PTPN14	0.4742214327917408	0.4760167815723371	4.4649999141693115	5.193999767303467	8.929999828338623	0.0	0.0
PTPN22	0.4486486486486487	0.4486486486486487	15.539999961853027	15.539999961853027	15.539999961853027	0.0	0.0
PTPRF	0.8249439019402787	0.7805101978246406	3.967444452974531	9.857000350952148	35.70700007677078	0.0	0.0
PTPRU	0.4532612558808746	0.5019999515163269	8.21049976348877	14.729999542236328	16.42099952697754	0.0	0.0
PUM1	0.5334231981616981	0.5557342657342657	12.451499819755554	23.899999618530273	24.90299963951111	0.0	0.0
QSOX1	1.0	1.0	0.9200000166893005	0.9200000166893005	0.9200000166893005	0.0	0.0
RAB3B	0.4756554307116105	0.4756554307116105	3.075000047683716	3.075000047683716	3.075000047683716	0.0	0.0
RAB3GAP2	0.5	0.5	14.289999961853027	14.289999961853027	14.289999961853027	0.0	0.0
RABGAP1L	0.41732283464566927	0.41732283464566927	2.7660000324249268	2.7660000324249268	2.7660000324249268	0.0	0.0
RABGGTB	1.0	1.0	9.883999824523926	9.883999824523926	9.883999824523926	0.0	0.0
RAP1GAP	0.47013760521662495	0.4928998750403249	8.889333526293436	15.880000114440918	26.66800057888031	0.0	0.0
RASSF5	0.42142857142857143	0.42142857142857143	5.823999881744385	5.823999881744385	5.823999881744385	0.0	0.0
RBBP4	1.0	1.0	6.0329999923706055	6.0329999923706055	6.0329999923706055	0.0	0.0
RBM15	0.4928723187298909	0.5001767929754257	11.355999946594238	13.699999809265137	22.711999893188477	0.0	0.0
RCAN3	0.4305555555555556	0.4305555555555556	0.06800000369548798	0.06800000369548798	0.06800000369548798	0.0	0.0
RCC1	0.46797650046061795	0.4797909407665505	5.299500107765198	8.064000129699707	10.599000215530396	0.0	0.0
RCC2	0.37681159420289856	0.37681159420289856	11.680000305175781	11.680000305175781	11.680000305175781	0.0	0.0
RERE	0.8560095118497132	0.8202380952380952	0.38340001022443176	1.3220000267028809	1.9170000511221588	0.0	0.0
RFX5	0.5553551121572036	0.7394366197183099	10.571500420570374	18.040000915527344	21.143000841140747	0.0	0.0
RGS16	1.0	1.0	13.699999809265137	13.699999809265137	13.699999809265137	0.0	0.0
RHBG	0.45213645395472934	0.45157723944882155	27.324999809265137	32.0	109.29999923706055	1.0	0.0
RHEX	0.46906681082265833	0.4679067214183752	3.690333445866903	5.406000137329102	11.071000337600708	0.0	0.0
RIMKLA	0.5333333333333333	0.5333333333333333	0.9179999828338623	0.9179999828338623	0.9179999828338623	0.0	0.0
RIT1	1.0	1.0	9.319000244140625	9.319000244140625	9.319000244140625	0.0	0.0
RNF186	0.4538840871682381	0.4701704545454546	4.448000133037567	8.371000289916992	8.896000266075134	0.0	0.0
RNF223	0.5364152528012949	0.5568866787221218	0.6645000204443932	1.3070000410079956	1.3290000408887863	0.0	0.0
RNPEP	0.6479754609475104	0.6435249144182382	8.570000141859055	17.690000534057617	25.710000425577164	0.0	0.0
RO60	0.5345911949685535	0.5345911949685535	6.834000110626221	6.834000110626221	6.834000110626221	0.0	0.0
ROR1	0.4662055216766143	0.7354651162790697	7.280500143766403	24.100000381469727	29.122000575065613	0.0	0.0
RPF1	1.0	1.0	3.2109999656677246	3.2109999656677246	3.2109999656677246	0.0	0.0
RPRD2	0.46208812729196486	0.4873747234153325	6.073999827727675	12.109999656677246	12.14799965545535	0.0	0.0
RPS6KA1	0.9936575677683094	0.8232161874334398	5.128666793306668	13.0600004196167	15.386000379920006	0.0	0.0
RPTN	0.4740740740740741	0.4740740740740741	10.34000015258789	10.34000015258789	10.34000015258789	0.0	0.0
RRNAD1	1.0	1.0	14.829999923706055	14.829999923706055	14.829999923706055	0.0	0.0
RSRP1	0.5136612021857924	0.5136612021857924	14.920000076293945	14.920000076293945	14.920000076293945	0.0	0.0
RUNX3	0.42857142857142855	0.42857142857142855	24.0	24.0	24.0	0.0	0.0
RUSC1	1.0	1.0	11.229999542236328	11.229999542236328	11.229999542236328	0.0	0.0
RWDD3	1.0	1.0	2.111000008881092	4.105000019073486	4.222000017762184	0.0	0.0
RXFP4	1.0	1.0	2.994999885559082	2.994999885559082	2.994999885559082	0.0	0.0
RXRG	0.49359552247142435	0.4875503181405012	2.412500023841858	3.253000020980835	4.825000047683716	0.0	0.0
RYR2	0.8303800320488965	0.91725768321513	1.1604999679451187	3.8239998817443848	6.9629998076707125	0.0	0.0
S100A7	1.0	1.0	0.6370000243186951	0.6370000243186951	0.6370000243186951	0.0	0.0
S100PBP	0.4739583333333333	0.4739583333333333	2.0920000076293945	2.0920000076293945	2.0920000076293945	0.0	0.0
SAMD11	0.8455739699987757	0.8364779874213837	10.864333470662435	15.050000190734863	32.593000411987305	0.0	0.0
SASS6	0.46946564885496184	0.46946564885496184	15.369999885559082	15.369999885559082	15.369999885559082	0.0	0.0
SCNN1D	0.5088722685833099	0.49391480730223125	12.673499584197998	20.799999237060547	25.346999168395996	0.0	0.0
SCYL3	0.4990918701853421	0.7335526315789473	2.474000006914139	4.651000022888184	4.948000013828278	0.0	0.0
SDCCAG8	0.5103448275862069	0.5103448275862069	4.361999988555908	4.361999988555908	4.361999988555908	0.0	0.0
SDF4	0.48505165090078783	0.5078974545896361	0.6330000162124634	1.0670000314712524	1.2660000324249268	0.0	0.0
SDHB	1.0	1.0	2.0959999561309814	2.0959999561309814	2.0959999561309814	0.0	0.0
SEC16B	1.0	1.0	0.9580000042915344	0.9580000042915344	0.9580000042915344	0.0	0.0
SEC22B	0.2900763358778626	0.2900763358778626	9.98900032043457	9.98900032043457	9.98900032043457	0.0	0.0
SELENON	0.5169341281223748	0.5205721662118914	12.355499982833862	14.399999618530273	49.42199993133545	0.0	0.0
SEMA4A	0.5099693167654905	0.5149019607843137	6.1954997926950455	12.1899995803833	12.390999585390091	0.0	0.0
SEMA6C	1.0	1.0	11.377500295639038	18.350000381469727	22.755000591278076	0.0	0.0
SERINC2	0.4024896265560166	0.4024896265560166	10.300000190734863	10.300000190734863	10.300000190734863	0.0	0.0
SESN2	0.35570469798657717	0.35570469798657717	8.555999755859375	8.555999755859375	8.555999755859375	0.0	0.0
SF3A3	0.5	0.5	10.829999923706055	10.829999923706055	10.829999923706055	0.0	0.0
SGIP1	0.5	0.5	23.100000381469727	23.100000381469727	23.100000381469727	0.0	0.0
SH2D1B	0.486013986013986	0.486013986013986	1.0410000085830688	1.0410000085830688	1.0410000085830688	0.0	0.0
SH2D5	0.45542168674698796	0.45542168674698796	2.865999937057495	2.865999937057495	2.865999937057495	0.0	0.0
SH3D21	0.459837019790454	0.459837019790454	3.2190001010894775	3.2190001010894775	3.2190001010894775	0.0	0.0
SHE	1.0	1.0	10.819999694824219	10.819999694824219	10.819999694824219	0.0	0.0
SHISA4	0.41702127659574467	0.41702127659574467	16.399999618530273	16.399999618530273	16.399999618530273	0.0	0.0
SIPA1L2	0.5492664443211489	0.7413911240732282	9.431749939918518	23.5	37.72699975967407	0.0	0.0
SLAMF1	0.48156144583903193	0.49300595238095235	13.02250038087368	25.700000762939453	26.04500076174736	0.0	0.0
SLAMF8	1.0	1.0	25.200000762939453	25.200000762939453	25.200000762939453	0.0	0.0
SLAMF9	1.0	1.0	4.688000202178955	4.688000202178955	4.688000202178955	0.0	0.0
SLC16A1	0.48333333333333334	0.48333333333333334	1.277999997138977	1.277999997138977	1.277999997138977	0.0	0.0
SLC16A4	0.5438836257651303	0.550235017626322	8.883500099182129	10.420000076293945	17.767000198364258	0.0	0.0
SLC1A7	1.0	1.0	5.736666563898325	17.06999969482422	17.209999691694975	0.0	0.0
SLC22A15	0.6590330862296325	0.7112462006079028	7.758999824523926	9.161999702453613	15.517999649047852	0.0	0.0
SLC27A3	0.48322147651006714	0.48322147651006714	21.700000762939453	21.700000762939453	21.700000762939453	0.0	0.0
SLC2A1	0.5291570637668777	0.5312305721576903	6.321333249409993	7.218999862670898	18.96399974822998	0.0	0.0
SLC35E2B	0.37877395188853036	0.5135233918128654	7.157499939203262	14.119999885559082	14.314999878406525	0.0	0.0
SLC35F3	0.49216300940438873	0.49216300940438873	3.2179999351501465	3.2179999351501465	3.2179999351501465	0.0	0.0
SLC41A1	0.4649122807017544	0.4649122807017544	3.0769999027252197	3.0769999027252197	3.0769999027252197	0.0	0.0
SLC44A3	0.475	0.475	15.1899995803833	15.1899995803833	15.1899995803833	0.0	0.0
SLC44A5	1.0	1.0	6.2049998839696245	13.649999618530273	18.614999651908875	0.0	0.0
SLC45A1	0.47990532687920373	0.49734803791227067	3.8055999324657024	12.149999618530273	19.02799966232851	0.0	0.0
SLC5A9	1.0	1.0	17.544749915599823	35.0	70.17899966239929	0.0	1.0
SLC6A17	1.0	1.0	6.168000001460314	12.25	12.336000002920628	0.0	0.0
SLC9A1	1.0	1.0	4.0229997634887695	4.0229997634887695	4.0229997634887695	0.0	0.0
SLC9C2	0.49413930896573216	0.47661640718883513	3.765000056475401	14.510000228881836	15.060000225901604	0.0	0.0
SMAP2	1.0	1.0	0.4569999873638153	0.4569999873638153	0.4569999873638153	0.0	0.0
SMG5	0.4892086330935252	0.4892086330935252	0.9599999785423279	0.9599999785423279	0.9599999785423279	0.0	0.0
SMG7	1.0	1.0	5.953999996185303	5.953999996185303	5.953999996185303	0.0	0.0
SMPDL3B	0.4772727272727273	0.4772727272727273	0.27000001072883606	0.27000001072883606	0.27000001072883606	0.0	0.0
SMYD2	1.0	1.0	13.630000114440918	13.630000114440918	13.630000114440918	0.0	0.0
SMYD3	0.9430844940968606	0.7168949771689498	8.843999922275543	15.90999984741211	17.687999844551086	0.0	0.0
SNAP47	0.575	0.575	13.649999618530273	13.649999618530273	13.649999618530273	0.0	0.0
SNX7	0.8633803808858669	0.8348623853211009	5.200000047683716	7.933000087738037	15.600000143051147	0.0	0.0
SOAT1	0.4938650306748466	0.4938650306748466	3.9000000953674316	3.9000000953674316	3.9000000953674316	0.0	0.0
SORT1	1.0	1.0	9.859000205993652	9.859000205993652	9.859000205993652	0.0	0.0
SPAG17	0.5032842572244005	0.5396011061015168	8.108666736218664	24.399999618530273	72.97800062596798	0.0	0.0
SPATA17	0.4738977501957518	0.6340632100805619	5.755000213781993	10.8100004196167	17.265000641345978	0.0	0.0
SPATA21	0.49363474190105183	0.49028379028379027	6.126500129699707	7.39300012588501	12.253000259399414	0.0	0.0
SPATA45	1.0	1.0	0.0020000000949949026	0.0020000000949949026	0.0020000000949949026	0.0	0.0
SPATA46	1.0	1.0	2.1073333012561	4.961999893188477	6.321999903768301	0.0	0.0
SPEN	0.787173192995134	0.7292890904061481	7.078800065815448	11.220000267028809	35.394000329077244	0.0	0.0
SPOCD1	0.5336658900128131	0.5828997554910923	5.4905000912646456	13.869999885559082	32.94300054758787	0.0	0.0
SPRR1A	0.4472352829263082	0.45035460992907805	8.749500036239624	9.848999977111816	17.499000072479248	0.0	0.0
SPRR1B	0.5117133638459377	0.5008160522273425	1.9540000359217327	3.9070000648498535	5.862000107765198	0.0	0.0
SPRR2A	0.8	0.8	6.0289998054504395	6.0289998054504395	6.0289998054504395	0.0	0.0
SPRR3	0.5313246837269462	0.49517537842410936	0.2809999908010165	0.5759999752044678	0.8429999724030495	0.0	0.0
SPRR4	0.5278969957081545	0.5278969957081545	3.4079999923706055	3.4079999923706055	3.4079999923706055	0.0	0.0
SPRTN	0.41025641025641024	0.41025641025641024	6.710000038146973	6.710000038146973	6.710000038146973	0.0	0.0
SPSB1	0.4533898305084746	0.4533898305084746	3.385999917984009	3.385999917984009	3.385999917984009	0.0	0.0
SPTA1	0.6490330647044017	0.6926307689411267	7.072500097751617	19.940000534057617	70.72500097751617	0.0	0.0
SRARP	0.6041944907793578	0.579468212714914	2.5160000920295715	4.570000171661377	5.032000184059143	0.0	0.0
SRGAP2	0.5064394765290055	0.5285373231951599	6.617999960978826	10.380000114440918	19.853999882936478	0.0	0.0
SRGAP2C	0.46808510638297873	0.46808510638297873	17.450000762939453	17.450000762939453	17.450000762939453	0.0	0.0
SRM	1.0	1.0	13.119999885559082	13.119999885559082	13.119999885559082	0.0	0.0
SRSF4	0.6185389767594427	0.6621124191676339	8.196999867757162	15.569999694824219	24.590999603271484	0.0	0.0
SSX2IP	1.0	1.0	6.810499828308821	13.609999656677246	13.620999656617641	0.0	0.0
ST3GAL3	1.0	1.0	3.115999937057495	3.115999937057495	3.115999937057495	0.0	0.0
ST6GALNAC3	0.4418604651162791	0.4418604651162791	15.119999885559082	15.119999885559082	15.119999885559082	0.0	0.0
ST7L	0.9979338842975206	0.9979338842975206	27.100000381469727	27.100000381469727	27.100000381469727	0.0	0.0
STIL	1.0	1.0	1.1109999418258667	1.1109999418258667	1.1109999418258667	0.0	0.0
STK40	0.4491017964071856	0.4491017964071856	20.200000762939453	20.200000762939453	20.200000762939453	0.0	0.0
STPG1	0.4726460343560848	0.48535634501341	4.419333476573229	11.8100004196167	13.258000429719687	0.0	0.0
STRIP1	0.5545454545454546	0.5545454545454546	9.524999618530273	9.524999618530273	9.524999618530273	0.0	0.0
STX6	1.0	1.0	4.4629998207092285	4.4629998207092285	4.4629998207092285	0.0	0.0
STXBP3	0.3902439024390244	0.3902439024390244	8.180999755859375	8.180999755859375	8.180999755859375	0.0	0.0
SUCO	0.6912429193257317	0.6150091276065102	8.597250029444695	14.079999923706055	34.38900011777878	0.0	0.0
SYDE2	0.526009725188588	0.7738288545835716	4.410999870300293	18.719999313354492	22.054999351501465	0.0	0.0
SYNC	1.0	1.0	8.635999541729689	17.209999084472656	17.271999083459377	0.0	0.0
SYPL2	0.7402759433583788	0.7818429440741814	21.890000343322754	26.100000381469727	43.78000068664551	0.0	0.0
SYT11	1.0	1.0	7.306499898433685	13.489999771118164	14.61299979686737	0.0	0.0
SYT2	0.43826386434423914	0.4601965601965602	7.884999752044678	9.675999641418457	15.769999504089355	0.0	0.0
SYT6	0.44594594594594594	0.44594594594594594	0.07699999958276749	0.07699999958276749	0.07699999958276749	0.0	0.0
SYTL1	0.5011938513456076	0.5034907336887535	4.828999996185303	5.508999824523926	9.657999992370605	0.0	0.0
SZT2	0.5311273719512049	0.5214961077133612	9.411333421866098	17.850000381469727	28.234000265598297	0.0	0.0
TACSTD2	0.44360902255639095	0.44360902255639095	20.200000762939453	20.200000762939453	20.200000762939453	0.0	0.0
TAF5L	0.7996005298226011	0.75	0.37549999356269836	0.44999998807907104	0.7509999871253967	0.0	0.0
TAFA3	0.47115384615384615	0.47115384615384615	1.1460000276565552	1.1460000276565552	1.1460000276565552	0.0	0.0
TAL1	0.5	0.5	10.550000190734863	10.550000190734863	10.550000190734863	0.0	0.0
TARBP1	1.0	1.0	0.24133332818746567	0.4779999852180481	0.723999984562397	0.0	0.0
TAS1R1	1.0	1.0	1.9930000305175781	1.9930000305175781	1.9930000305175781	0.0	0.0
TAS1R2	1.0	1.0	0.3400000035762787	0.3400000035762787	0.3400000035762787	0.0	0.0
TAS1R3	1.0	1.0	1.031999945640564	1.031999945640564	1.031999945640564	0.0	0.0
TATDN3	0.4563106796116505	0.4563106796116505	13.760000228881836	13.760000228881836	13.760000228881836	0.0	0.0
TBX15	0.5642857142857143	0.5642857142857143	25.700000762939453	25.700000762939453	25.700000762939453	0.0	0.0
TCHH	0.9774317678216116	0.6327594452415113	6.001666817814112	17.270000457763672	18.005000453442335	0.0	0.0
TCTEX1D1	0.35294117647058826	0.35294117647058826	1.8650000095367432	1.8650000095367432	1.8650000095367432	0.0	0.0
TCTEX1D4	0.4444444444444444	0.4444444444444444	0.0020000000949949026	0.0020000000949949026	0.0020000000949949026	0.0	0.0
TDRD10	0.9832055595769342	0.7458270106221547	4.449499770998955	8.604999542236328	8.89899954199791	0.0	0.0
TDRD5	0.5087906525547823	0.5010621639113588	16.228333552678425	23.200000762939453	48.68500065803528	0.0	0.0
TEDDM1	0.4955587923528887	0.5081230886850153	5.486499924212694	10.90999984741211	10.972999848425388	0.0	0.0
TEKT2	1.0	1.0	0.6119999885559082	0.6119999885559082	0.6119999885559082	0.0	0.0
TENT5B	0.5362318840579711	0.5362318840579711	12.649999618530273	12.649999618530273	12.649999618530273	0.0	0.0
TENT5C	0.4437282384653295	0.44127312692370624	7.6573333740234375	11.010000228881836	22.972000122070312	0.0	0.0
TEX35	0.47609199599340907	0.5697865353037767	8.636999890208244	16.989999771118164	17.27399978041649	0.0	0.0
TFB2M	0.4962712538119124	0.49683544303797467	3.6010000705718994	4.243000030517578	7.202000141143799	0.0	0.0
TGFBR3	0.6545452781692216	0.6247372698276653	8.22420000731945	22.0	41.12100003659725	0.0	0.0
THAP3	0.6964285714285714	0.6964285714285714	0.004999999888241291	0.004999999888241291	0.004999999888241291	0.0	0.0
THEM4	1.0	1.0	3.158999964594841	6.000999927520752	6.317999929189682	0.0	0.0
THEM5	1.0	1.0	6.476333459218343	15.770000457763672	19.42900037765503	0.0	0.0
THEMIS2	0.4643998736514483	0.468025241781689	5.437000048657258	11.680000305175781	16.311000145971775	0.0	0.0
THRAP3	0.8461004516884633	0.6829268292682926	9.487499952316284	14.369999885559082	18.97499990463257	0.0	0.0
TIE1	0.4752098785642731	0.48867702448210926	5.897499859333038	11.529999732971191	11.794999718666077	0.0	0.0
TLR5	1.0	1.0	0.006000000052154064	0.006000000052154064	0.006000000052154064	0.0	0.0
TMCO4	0.555991750382691	0.6940379403794038	1.4086666852235794	3.7820000648498535	4.226000055670738	0.0	0.0
TMED5	0.4493927125506073	0.4493927125506073	26.399999618530273	26.399999618530273	26.399999618530273	0.0	0.0
TMEM200B	0.5066666666666667	0.5066666666666667	8.833999633789062	8.833999633789062	8.833999633789062	0.0	0.0
TMEM201	1.0	1.0	0.4959999918937683	0.4959999918937683	0.4959999918937683	0.0	0.0
TMEM275	0.6	0.6	4.540999889373779	4.540999889373779	4.540999889373779	0.0	0.0
TMEM51	0.47244094488188976	0.47244094488188976	0.22699999809265137	0.22699999809265137	0.22699999809265137	0.0	0.0
TMEM52	0.5188596342312486	0.5146783974550153	4.19949996471405	7.605999946594238	8.3989999294281	0.0	0.0
TMEM61	1.0	1.0	4.51200008392334	4.51200008392334	4.51200008392334	0.0	0.0
TMEM63A	0.4301458649148343	0.6549295774647887	14.532999992370605	24.0	29.06599998474121	0.0	0.0
TMEM79	0.5181818181818182	0.5181818181818182	7.021999835968018	7.021999835968018	7.021999835968018	0.0	0.0
TMEM81	0.47126732855674675	0.466078697421981	9.986999750137329	14.479999542236328	19.973999500274658	0.0	0.0
TMEM82	0.41304347826086957	0.41304347826086957	1.8229999542236328	1.8229999542236328	1.8229999542236328	0.0	0.0
TMEM88B	0.4802229143239362	0.5141304347826088	3.601500019431114	7.00600004196167	7.203000038862228	0.0	0.0
TMEM9	1.0	1.0	6.146000146865845	10.050000190734863	12.29200029373169	0.0	0.0
TNFRSF14	0.4823943661971831	0.4823943661971831	7.605999946594238	7.605999946594238	7.605999946594238	0.0	0.0
TNFRSF1B	0.47928994082840237	0.47928994082840237	8.852999687194824	8.852999687194824	8.852999687194824	0.0	0.0
TNFRSF8	0.4270871263726456	0.48875212224108655	0.5385000221431255	1.0290000438690186	1.077000044286251	0.0	0.0
TNN	0.4250355258970633	0.5536846958157375	8.633400118350982	18.68000030517578	43.16700059175491	0.0	0.0
TNNT2	1.0	1.0	4.4019999504089355	7.23799991607666	8.803999900817871	0.0	0.0
TNR	0.4949230901581751	0.5514406980117823	6.516999985490527	15.600000381469727	45.618999898433685	0.0	0.0
TOR1AIP1	0.8296601919408885	0.7526595744680851	6.615500211715698	8.675000190734863	13.231000423431396	0.0	0.0
TOR3A	0.5925841671452365	0.7857142857142857	3.453999951481819	6.566999912261963	6.907999902963638	0.0	0.0
TP53BP2	0.4117647058823529	0.4117647058823529	27.899999618530273	27.899999618530273	27.899999618530273	0.0	0.0
TP73	1.0	1.0	2.0899999141693115	2.0899999141693115	2.0899999141693115	0.0	0.0
TPR	0.453804347826087	0.453804347826087	23.899999618530273	23.899999618530273	23.899999618530273	0.0	0.0
TRAF3IP3	1.0	1.0	17.079999923706055	17.079999923706055	17.079999923706055	0.0	0.0
TRAF5	0.5833333333333334	0.5833333333333334	1.8079999685287476	1.8079999685287476	1.8079999685287476	0.0	0.0
TRIM11	0.5284552845528455	0.5284552845528455	0.15800000727176666	0.15800000727176666	0.15800000727176666	0.0	0.0
TRIM17	0.5446428571428571	0.5446428571428571	1.7259999513626099	1.7259999513626099	1.7259999513626099	0.0	0.0
TRIM33	0.7911826792967631	0.7191558441558441	13.920000076293945	17.489999771118164	27.84000015258789	0.0	0.0
TRIM45	0.5031999493956821	0.4798158180459928	13.598000049591064	23.899999618530273	40.79400014877319	1.0	0.0
TRIM58	0.6157167918688764	0.7099290780141844	6.94200012460351	18.950000762939453	27.76800049841404	0.0	0.0
TRIM62	1.0	1.0	13.949999809265137	13.949999809265137	13.949999809265137	0.0	0.0
TRIM63	1.0	1.0	16.200000762939453	16.200000762939453	16.200000762939453	0.0	0.0
TRIT1	1.0	1.0	7.565999984741211	7.565999984741211	7.565999984741211	0.0	0.0
TRMT13	1.0	1.0	22.0	22.700000762939453	44.0	0.0	0.0
TRNP1	1.0	1.0	16.229999542236328	16.229999542236328	16.229999542236328	0.0	0.0
TSACC	0.45454545454545453	0.45454545454545453	24.5	24.5	24.5	0.0	0.0
TSHB	1.0	1.0	2.687999963760376	2.687999963760376	2.687999963760376	0.0	0.0
TTC13	0.7502635488578042	0.8297872340425533	14.04033342997233	20.600000381469727	42.12100028991699	0.0	0.0
TTC22	1.0	1.0	5.76200008392334	5.76200008392334	5.76200008392334	0.0	0.0
TTC24	1.0	1.0	8.585000455379486	16.540000915527344	17.170000910758972	0.0	0.0
TTC34	0.5176987905683013	0.5416666666666666	3.420666664838791	7.065000057220459	10.261999994516373	0.0	0.0
TTC39A	0.4603174603174603	0.4603174603174603	8.27299976348877	8.27299976348877	8.27299976348877	0.0	0.0
TTC4	0.4107142857142857	0.4107142857142857	19.969999313354492	19.969999313354492	19.969999313354492	0.0	0.0
TTF2	0.999143365485051	0.9968553459119497	6.442500054836273	11.130000114440918	12.885000109672546	0.0	0.0
TUFT1	0.44	0.44	18.56999969482422	18.56999969482422	18.56999969482422	0.0	0.0
UBE2T	0.511340206185567	0.511340206185567	5.841000080108643	5.841000080108643	5.841000080108643	0.0	0.0
UBQLN4	1.0	1.0	16.950000762939453	16.950000762939453	16.950000762939453	0.0	0.0
UBR4	0.47107627419511233	0.4642546049331432	5.855000077094883	15.890000343322754	29.275000385474414	0.0	0.0
UBXN11	0.9930319892692613	0.9974226804123711	0.641000010073185	1.7330000400543213	2.56400004029274	0.0	0.0
URB2	0.4642961135660827	0.47378718775034595	6.313249841332436	15.069999694824219	25.252999365329742	0.0	0.0
USH2A	0.7013863620575889	0.7001763148675728	8.56689989566803	20.299999237060547	85.6689989566803	0.0	0.0
USP24	1.0	1.0	17.579999446868896	20.299999237060547	35.15999889373779	0.0	0.0
USP33	0.38973658562330726	0.41285762654477737	7.726500153541565	12.970000267028809	15.45300030708313	0.0	0.0
UTP25	1.0	1.0	8.078499961644411	16.079999923706055	16.156999923288822	0.0	0.0
UTS2	0.8674982645120941	0.7777777777777778	1.2024999856948853	1.687999963760376	2.4049999713897705	0.0	0.0
VANGL2	0.7845205869262228	0.7134502923976608	7.295333544413249	11.100000381469727	21.886000633239746	0.0	0.0
VAV3	0.7702687379916511	0.7440444911543178	17.8149995803833	20.899999618530273	71.2599983215332	0.0	0.0
VCAM1	0.9154585138295906	0.7983870967741935	2.77349990606308	4.383999824523926	5.54699981212616	0.0	0.0
VN1R5	0.5675732430323308	0.8405797101449276	5.106000125408173	13.850000381469727	15.318000376224518	0.0	0.0
VPS13D	0.5020156627966771	0.45309829030825904	9.212333450714747	23.600000381469727	27.63700035214424	0.0	0.0
VWA1	0.4188034188034188	0.4188034188034188	0.25699999928474426	0.25699999928474426	0.25699999928474426	0.0	0.0
VWA5B1	0.4589184604877813	0.46370309718963726	11.16533326357603	26.899999618530273	33.49599979072809	0.0	0.0
WDR26	1.0	1.0	10.529999732971191	10.529999732971191	10.529999732971191	0.0	0.0
WDR64	0.5291005291005291	0.5291005291005291	0.1979999989271164	0.1979999989271164	0.1979999989271164	0.0	0.0
WLS	0.45588235294117646	0.45588235294117646	18.950000762939453	18.950000762939453	18.950000762939453	0.0	0.0
WNT2B	1.0	1.0	7.4770002365112305	7.4770002365112305	7.4770002365112305	0.0	0.0
WNT9A	0.6379145308195928	0.7303921568627451	1.5160000026226044	2.0360000133514404	3.0320000052452087	0.0	0.0
WRAP73	0.4612676056338028	0.4612676056338028	0.7450000047683716	0.7450000047683716	0.7450000047683716	0.0	0.0
ZBED6	0.5135001979420253	0.5213343519225871	15.92033322652181	23.600000381469727	47.76099967956543	0.0	0.0
ZBTB17	1.0	1.0	4.9079999923706055	4.9079999923706055	4.9079999923706055	0.0	0.0
ZBTB40	0.9971647736695922	0.84037558685446	9.120666921138763	17.040000915527344	27.36200076341629	0.0	0.0
ZBTB41	0.4983388704318937	0.4983388704318937	0.09799999743700027	0.09799999743700027	0.09799999743700027	0.0	0.0
ZBTB48	0.5555555555555556	0.5555555555555556	15.539999961853027	15.539999961853027	15.539999961853027	0.0	0.0
ZBTB7B	0.5353535353535354	0.5353535353535354	19.059999465942383	19.059999465942383	19.059999465942383	0.0	0.0
ZC3H11A	1.0	1.0	11.270000457763672	11.270000457763672	11.270000457763672	0.0	0.0
ZC3H11B	0.7045454545454546	0.7045454545454546	7.795000076293945	7.795000076293945	7.795000076293945	0.0	0.0
ZFP69B	1.0	1.0	1.3730000257492065	1.3730000257492065	1.3730000257492065	0.0	0.0
ZMPSTE24	0.4959349593495935	0.4959349593495935	10.779999732971191	10.779999732971191	10.779999732971191	0.0	0.0
ZMYM1	1.0	1.0	0.6209999918937683	0.6209999918937683	0.6209999918937683	0.0	0.0
ZMYND12	0.90457726206552	0.71	10.491000294685364	17.530000686645508	20.982000589370728	0.0	0.0
ZNF124	0.5	0.5	1.6360000371932983	1.6360000371932983	1.6360000371932983	0.0	0.0
ZNF326	0.4894943615255563	0.5600885515496521	1.7685000002384186	3.2039999961853027	3.537000000476837	0.0	0.0
ZNF436	0.5217391304347826	0.5217391304347826	5.2820000648498535	5.2820000648498535	5.2820000648498535	0.0	0.0
ZNF593	0.9972826086956522	0.9972826086956522	13.930000305175781	13.930000305175781	13.930000305175781	0.0	0.0
ZNF669	0.5428571428571428	0.5428571428571428	5.415999889373779	5.415999889373779	5.415999889373779	0.0	0.0
ZNF684	0.41678684101742614	0.396854204476709	12.463000416755676	21.200000762939453	24.926000833511353	0.0	0.0
ZNF695	0.4375090131411285	0.6211755233494364	4.232333287596703	6.633999824523926	12.696999862790108	0.0	0.0
ZNF697	1.0	1.0	3.6254999563097954	7.11299991607666	7.250999912619591	0.0	0.0
ZSCAN20	0.9840407322255804	0.7666666666666666	7.397999972105026	14.289999961853027	14.795999944210052	0.0	0.0
ZSWIM5	0.4358974358974359	0.4358974358974359	5.979000091552734	5.979000091552734	5.979000091552734	0.0	0.0
ZYG11A	0.5555555555555556	0.5555555555555556	0.4729999899864197	0.4729999899864197	0.4729999899864197	0.0	0.0
ZYG11B	0.45544554455445546	0.45544554455445546	8.97700023651123	8.97700023651123	8.97700023651123	0.0	0.0
