Gene	CADD_weighted_avg_AF	avg_AF	avg_CADD_PHRED	max_CADD_PHRED	sum_CADD_PHRED	HFI	LoH
ABCA4	0.6084855324596823	0.8613099666291156	8.044714315661363	23.5	56.313000209629536	1.0	0.0
ABCD3	0.4069767441860465	0.4069767441860465	4.314000129699707	4.314000129699707	4.314000129699707	0.0	0.0
ABL2	0.5151515151515151	0.5151515151515151	6.715000152587891	6.715000152587891	6.715000152587891	0.0	0.0
ACADM	0.6209990917503083	0.6288654765388743	5.5556667645772295	6.296999931335449	16.66700029373169	0.0	0.0
ACBD3	1.0	1.0	18.729999542236328	18.729999542236328	18.729999542236328	0.0	0.0
ACKR1	0.5249892280807871	0.7525252525252526	8.440000385046005	16.200000762939453	16.88000077009201	0.0	0.0
ACOT11	0.4782608695652174	0.4782608695652174	13.09000015258789	13.09000015258789	13.09000015258789	0.0	0.0
ACP6	1.0	1.0	3.5739998817443848	5.021999835968018	7.1479997634887695	0.0	0.0
ACTN2	1.0	1.0	3.6684999465942383	5.704999923706055	7.336999893188477	0.0	0.0
ACTRT2	1.0	1.0	25.100000381469727	25.100000381469727	25.100000381469727	0.0	0.0
ADAM15	0.5749118888521305	0.6494949494949495	11.326666673024496	21.600000381469727	33.980000019073486	0.0	0.0
ADAMTSL4	0.5312442242430945	0.6031983267512335	5.03940008059144	24.100000381469727	25.1970004029572	0.0	0.0
ADAR	1.0	1.0	0.8123333404461542	1.9900000095367432	2.437000021338463	0.0	0.0
ADCY10	0.7945393559963684	0.9312280701754385	1.4959999859333037	4.585999965667725	7.479999929666519	0.0	0.0
ADGRL2	0.4764190216931894	0.7203389830508474	12.605500161647797	23.600000381469727	25.211000323295593	0.0	0.0
ADGRL4	0.5198107996091921	0.5196153846153846	19.494999885559082	29.399999618530273	38.989999771118164	0.0	0.0
ADORA1	0.46963562753036436	0.46963562753036436	1.0529999732971191	1.0529999732971191	1.0529999732971191	0.0	0.0
ADORA3	1.0	1.0	5.3420000076293945	5.3420000076293945	5.3420000076293945	0.0	0.0
AGBL4	0.4166666666666667	0.4166666666666667	2.9179999828338623	2.9179999828338623	2.9179999828338623	0.0	0.0
AGL	0.5506739534350031	0.5418034857287193	10.246999979019165	13.460000038146973	20.49399995803833	0.0	0.0
AGMAT	0.6571337201739841	0.5732387015969105	5.229200124740601	14.600000381469727	26.146000623703003	0.0	0.0
AGO4	1.0	1.0	0.3630000054836273	0.3630000054836273	0.3630000054836273	0.0	0.0
AGRN	0.4624796339996227	0.5850809864869013	1.823999984189868	6.579999923706055	7.295999936759472	0.0	0.0
AGT	0.5312082586563209	0.6443281335522714	8.949333061774572	23.799999237060547	26.847999185323715	0.0	0.0
AHCTF1	0.9644322845507866	0.675	0.7309999838471413	1.3819999694824219	1.4619999676942825	0.0	0.0
AHDC1	1.0	1.0	7.379000186920166	7.379000186920166	7.379000186920166	0.0	0.0
AJAP1	1.0	1.0	22.5	22.5	22.5	0.0	0.0
AK2	0.40096618357487923	0.40096618357487923	19.610000610351562	19.610000610351562	19.610000610351562	0.0	0.0
AK4	0.3076923076923077	0.3076923076923077	8.293999671936035	8.293999671936035	8.293999671936035	0.0	0.0
AKNAD1	0.44227468705727824	0.7247017233760495	2.175499997101724	7.565999984741211	8.701999988406897	0.0	0.0
AKR7A3	0.5047391212178097	0.5031422672900602	9.440499782562256	10.1899995803833	18.88099956512451	0.0	0.0
AKR7L	0.6391280939147452	0.5965136054421769	15.118250381201506	24.700000762939453	60.47300152480602	0.0	0.0
ALDH4A1	0.7237081423862979	0.9176245210727969	3.5658333894486227	11.960000038146973	21.395000336691737	0.0	0.0
ALDH9A1	0.6884057971014492	0.6884057971014492	0.06400000303983688	0.06400000303983688	0.12800000607967377	0.0	0.0
ALG6	1.0	1.0	13.4399995803833	13.4399995803833	13.4399995803833	0.0	0.0
ALPL	0.48001015357344534	0.6851851851851851	3.6856666021049023	9.83899974822998	11.056999806314707	0.0	0.0
ANKRD35	0.376592549593175	0.38962537549124987	4.910750098526478	13.220000267028809	19.64300039410591	0.0	0.0
ANXA9	0.47863247863247865	0.47863247863247865	0.6060000061988831	0.6060000061988831	0.6060000061988831	0.0	0.0
AP4B1	0.5495495495495496	0.5495495495495496	19.1200008392334	19.1200008392334	19.1200008392334	0.0	0.0
APCS	0.6663762665195818	0.7574257425742574	1.2615000009536743	1.7350000143051147	2.5230000019073486	0.0	0.0
APOBEC4	0.7943672166278674	0.8177083333333334	5.0530000527699785	8.442000389099121	15.159000158309937	0.0	0.0
AQP10	0.49396919817471907	0.4659863945578231	1.7294999957084656	3.0230000019073486	3.458999991416931	0.0	0.0
ARHGAP29	1.0	1.0	18.309999465942383	18.309999465942383	18.309999465942383	0.0	0.0
ARHGEF10L	0.4935904410948725	0.5171485348817797	7.127857223419206	22.600000381469727	49.895000563934445	0.0	0.0
ARHGEF11	0.500522491581822	0.5029411764705882	6.974500000476837	12.710000038146973	13.949000000953674	0.0	0.0
ARHGEF16	1.0	1.0	8.633500091731548	19.59000015258789	34.53400036692619	0.0	0.0
ARID4B	0.4781949397076163	0.4876977016317949	5.552333464225133	10.020000457763672	16.6570003926754	0.0	0.0
ARNT	1.0	1.0	6.188000202178955	6.188000202178955	6.188000202178955	0.0	0.0
ARTN	1.0	1.0	7.070000171661377	7.070000171661377	7.070000171661377	0.0	0.0
ARV1	0.375	0.375	29.299999237060547	29.299999237060547	29.299999237060547	0.0	0.0
ASB17	0.5454545454545454	0.5454545454545454	15.529999732971191	15.529999732971191	15.529999732971191	0.0	0.0
ASH1L	1.0	1.0	12.819999694824219	12.819999694824219	12.819999694824219	0.0	0.0
ASPM	0.6639320839837475	0.5750162797089706	5.8387142696550915	14.729999542236328	40.87099988758564	0.0	0.0
ASTN1	0.8515585261143981	0.7274436090225564	9.154749944806099	15.729999542236328	36.618999779224396	0.0	0.0
ATAD3B	0.46153846153846156	0.46153846153846156	6.074999809265137	6.074999809265137	6.074999809265137	0.0	0.0
ATAD3C	0.3780985190620674	0.5218579234972678	13.800000000745058	27.5	27.600000001490116	0.0	0.0
ATF6	0.4190658712373735	0.45198281559814935	7.814499914646149	14.90999984741211	15.628999829292297	0.0	0.0
ATP1A2	0.5	0.5	1.7640000581741333	1.7640000581741333	1.7640000581741333	0.0	0.0
ATP1A4	0.8201126362744707	0.794011544011544	5.505749821662903	10.729999542236328	22.02299928665161	0.0	0.0
ATP2B4	1.0	1.0	4.735000183805823	9.416000366210938	9.470000367611647	0.0	0.0
ATP5IF1	0.549618320610687	0.549618320610687	0.05999999865889549	0.05999999865889549	0.05999999865889549	0.0	0.0
ATP8B2	0.4925774509590362	0.5128554143980641	2.61249990016222	5.061999797821045	5.22499980032444	0.0	0.0
ATPAF1	0.46153846153846156	0.46153846153846156	6.586999893188477	6.586999893188477	6.586999893188477	0.0	0.0
BCL10	1.0	1.0	10.210000038146973	10.210000038146973	10.210000038146973	0.0	0.0
BCL2L15	1.0	1.0	0.10499999672174454	0.10499999672174454	0.10499999672174454	0.0	0.0
BEND5	1.0	1.0	9.376999855041504	9.376999855041504	9.376999855041504	0.0	0.0
BEST4	1.0	1.0	0.5370000004768372	0.5370000004768372	0.5370000004768372	0.0	0.0
BMP8A	1.0	1.0	18.09000015258789	18.09000015258789	18.09000015258789	0.0	0.0
BNIPL	0.5029013539651838	0.5029013539651838	19.579999923706055	19.579999923706055	19.579999923706055	0.0	0.0
BRDT	0.48433640510783493	0.4699675324675324	13.618000030517578	17.56999969482422	27.236000061035156	0.0	0.0
BRINP2	1.0	1.0	9.154000282287598	9.154000282287598	9.154000282287598	0.0	0.0
BSND	0.5098039215686274	0.5098039215686274	0.02199999988079071	0.02199999988079071	0.02199999988079071	0.0	0.0
BTBD8	1.0	1.0	10.390999952952066	13.529999732971191	31.1729998588562	0.0	0.0
BTNL10	0.489649191161049	0.4699191102123357	0.6129999756813049	1.0829999446868896	1.2259999513626099	0.0	0.0
C1orf105	0.5021412185970084	0.5059114420508157	4.312000036239624	5.585999965667725	8.624000072479248	0.0	0.0
C1orf109	0.5126582278481012	0.5126582278481012	4.373000144958496	4.373000144958496	4.373000144958496	0.0	0.0
C1orf112	0.5236136917800249	0.5165229885057471	8.767499923706055	11.239999771118164	17.53499984741211	0.0	0.0
C1orf116	1.0	1.0	1.281000018119812	1.281000018119812	1.281000018119812	0.0	0.0
C1orf141	1.0	1.0	4.434500008821487	8.434000015258789	8.869000017642975	0.0	0.0
C1orf162	0.56	0.56	3.760999917984009	3.760999917984009	3.760999917984009	0.0	0.0
C1orf167	0.5279764007076282	0.5912899694957684	5.555217362130466	20.5	127.76999932900071	0.0	0.0
C1orf174	1.0	1.0	5.288000106811523	5.288000106811523	5.288000106811523	0.0	0.0
C1orf53	0.4782608695652174	0.4782608695652174	5.519999980926514	5.519999980926514	5.519999980926514	0.0	0.0
C1orf68	0.4887743045613314	0.48730335686857423	3.1589998938143253	8.977999687194824	9.476999681442976	0.0	0.0
C1orf87	0.579919399404568	0.525138486629362	7.1929998099803925	19.959999084472656	28.77199923992157	0.0	0.0
C2CD4D	0.7520705944187558	0.6956521739130435	8.98449969291687	10.649999618530273	17.96899938583374	0.0	0.0
C4BPA	0.5325021665601817	0.6435649369686308	3.100666659573714	7.618000030517578	9.301999978721142	0.0	0.0
C4BPB	0.3939393939393939	0.3939393939393939	1.159000039100647	1.159000039100647	1.159000039100647	0.0	0.0
C8A	0.47692018004087594	0.4658273381294964	18.34499979019165	24.299999237060547	36.6899995803833	1.0	0.0
C8B	1.0	1.0	9.755000114440918	9.755000114440918	9.755000114440918	0.0	0.0
CA6	1.0	1.0	3.3290000036358833	6.513000011444092	6.658000007271767	0.0	0.0
CACHD1	0.6714116224062833	0.734375	9.644000053405762	11.930000305175781	19.288000106811523	0.0	0.0
CACNA1E	0.5426008968609866	0.5426008968609866	0.34200000762939453	0.34200000762939453	0.34200000762939453	0.0	0.0
CACNA1S	0.4926218327843301	0.5670149043520465	9.161000110208988	28.700000762939453	54.96600066125393	1.0	0.0
CADM3	0.46308724832214765	0.46308724832214765	0.4519999921321869	0.4519999921321869	0.4519999921321869	0.0	0.0
CAMK1G	0.8100002412105316	0.7445652173913043	0.9114999771118164	1.1449999809265137	1.8229999542236328	0.0	0.0
CAMTA1	0.5520833333333334	0.5520833333333334	3.121999979019165	3.121999979019165	3.121999979019165	0.0	0.0
CAP1	1.0	1.0	17.016666730244953	21.399999618530273	102.10000038146973	0.0	0.0
CAPN2	1.0	1.0	8.663666640718779	13.449999809265137	25.990999922156334	0.0	0.0
CAPN8	0.5003528937236094	0.513157894736842	10.44000019133091	20.600000381469727	20.88000038266182	0.0	0.0
CAPN9	0.4325568701676644	0.8049382716049384	10.312666669487953	30.0	30.93800000846386	1.0	0.0
CASP9	0.8668154303895406	0.9	6.274000036966754	15.34000015258789	25.096000147867016	0.0	0.0
CASQ2	0.4797687861271676	0.4797687861271676	0.13199999928474426	0.13199999928474426	0.13199999928474426	0.0	0.0
CASZ1	0.4485500250495706	0.4699597895979072	8.840250194072723	17.290000915527344	35.361000776290894	0.0	0.0
CATSPER4	0.43219547797058555	0.4318504445722564	10.941833555698395	21.100000381469727	65.65100133419037	0.0	0.0
CCDC17	1.0	1.0	4.00599992275238	7.034999847412109	8.01199984550476	0.0	0.0
CCDC18	1.0	1.0	20.299999237060547	20.299999237060547	20.299999237060547	0.0	0.0
CCDC181	1.0	1.0	1.2389999628067017	1.2389999628067017	1.2389999628067017	0.0	0.0
CCDC185	0.475	0.475	3.63100004196167	3.63100004196167	3.63100004196167	0.0	0.0
CCDC190	0.5106382978723404	0.5106382978723404	9.762999534606934	9.762999534606934	9.762999534606934	0.0	0.0
CCDC27	0.4375172686916594	0.4376341201716738	0.11649999720975757	0.21799999475479126	0.23299999441951513	0.0	0.0
CCSAP	0.54	0.54	1.2760000228881836	1.2760000228881836	1.2760000228881836	0.0	0.0
CD101	0.8507109027912053	0.7511848341232228	0.005000000121071935	0.007000000216066837	0.01000000024214387	0.0	0.0
CD164L2	1.0	1.0	8.6670001745224	15.3100004196167	17.3340003490448	0.0	0.0
CD1A	0.45234161915692184	0.4718631778058008	3.1919999569654465	6.316999912261963	6.383999913930893	0.0	0.0
CD1E	0.5067567567567568	0.5067567567567568	0.0010000000474974513	0.0010000000474974513	0.0010000000474974513	0.0	0.0
CD48	1.0	1.0	1.49399995803833	1.49399995803833	1.49399995803833	0.0	0.0
CD52	0.5036169784057885	0.5026690391459074	6.001500129699707	8.133000373840332	12.003000259399414	0.0	0.0
CDA	0.4136415441010465	0.4335748792270531	11.559000194072723	21.600000381469727	23.118000388145447	0.0	0.0
CDC14A	1.0	1.0	0.6830000281333923	0.6830000281333923	0.6830000281333923	0.0	0.0
CDC42BPA	1.0	1.0	5.8423333664735155	8.904999732971191	17.527000099420547	0.0	0.0
CDC7	1.0	1.0	3.128999948501587	3.128999948501587	3.128999948501587	0.0	0.0
CDCP2	0.8138735248487409	0.8333333333333334	22.296666463216145	25.5	66.88999938964844	0.0	0.0
CDK11A	0.9476158005349085	0.8080808080808081	13.104999939600626	28.0	39.31499981880188	0.0	0.0
CDK18	1.0	1.0	12.880000114440918	12.880000114440918	12.880000114440918	0.0	0.0
CELA2A	0.5451388888888888	0.5451388888888888	3.0399999618530273	3.0399999618530273	3.0399999618530273	0.0	0.0
CELA2B	0.8541756051724099	0.6574562347539102	1.0697499876841903	2.9549999237060547	4.278999950736761	0.0	0.0
CELA3A	1.0	1.0	1.6579999923706055	1.6579999923706055	1.6579999923706055	0.0	0.0
CELA3B	1.0	1.0	2.978000043026571	15.470000267028809	20.846000301185995	0.0	0.0
CELSR2	0.7353692994575356	0.7888903652768321	3.1689999401569366	9.263999938964844	22.182999581098557	0.0	0.0
CENPF	0.49912635825861706	0.5125425318392157	5.6356070559538365	21.399999618530273	157.79699756670743	0.0	0.0
CENPS-CORT	1.0	1.0	4.94599986076355	5.22599983215332	9.8919997215271	0.0	0.0
CEP104	1.0	1.0	10.609999656677246	10.609999656677246	10.609999656677246	0.0	0.0
CEP170	0.33387511867136277	0.315185987721199	13.910999774932861	18.1299991607666	41.732999324798584	0.0	0.0
CEP350	0.47794117647058826	0.47794117647058826	23.700000762939453	23.700000762939453	23.700000762939453	0.0	0.0
CFAP57	0.41042935112773926	0.5633703888059289	5.442999951541424	11.84000015258789	21.771999806165695	0.0	0.0
CFAP74	0.49921142102000093	0.49430728767649224	9.213363610525532	26.100000381469727	101.34699971578084	0.0	0.0
CFH	0.4560941835672624	0.41384813032643564	4.481749969971133	10.25	17.926999879884534	0.0	0.0
CFHR4	0.4747100899389326	0.643079139652156	4.679333279530208	11.699999809265137	14.037999838590622	0.0	0.0
CGN	0.5055745339659966	0.5049019607843137	20.225000381469727	23.0	40.45000076293945	0.0	0.0
CHD5	0.5345804295928633	0.5404449489014707	7.272800087928772	17.8700008392334	36.36400043964386	0.0	0.0
CHI3L1	1.0	1.0	11.266999810934067	22.399999618530273	22.533999621868134	0.0	0.0
CHI3L2	0.6176470588235294	0.6176470588235294	2.7669999599456787	2.7669999599456787	2.7669999599456787	0.0	0.0
CHIA	0.5210391280886623	0.6719688438438439	12.208833298956355	27.399999618530273	73.25299979373813	0.0	0.0
CHML	0.4126984126984127	0.4126984126984127	1.7580000162124634	1.7580000162124634	1.7580000162124634	0.0	0.0
CLCA1	0.9609272730693025	0.6867104535905404	6.352000012993813	15.520000457763672	31.760000064969063	0.0	0.0
CLCA2	0.45646592943764464	0.4811278521385987	7.057749889791012	25.399999618530273	28.230999559164047	0.0	0.0
CLCC1	0.43902439024390244	0.43902439024390244	1.5230000019073486	1.5230000019073486	1.5230000019073486	0.0	0.0
CLCN6	0.9848031028911847	0.7353951890034365	10.65600037574768	20.700000762939453	21.31200075149536	0.0	0.0
CLCNKA	0.41942795538242095	0.4687108462688456	6.516000065538618	23.200000762939453	58.644000589847565	0.0	0.0
CLCNKB	0.668037286176035	0.6405371689439174	5.037538438605575	13.579999923706055	65.48799970187247	0.0	0.0
CMPK1	0.4891304347826087	0.4891304347826087	20.600000381469727	20.600000381469727	20.600000381469727	0.0	0.0
CNR2	1.0	1.0	4.430875072255731	8.612000465393066	35.447000578045845	0.0	0.0
CNST	1.0	1.0	0.05900000035762787	0.05900000035762787	0.05900000035762787	0.0	0.0
CNTN2	0.4246575342465753	0.4246575342465753	23.600000381469727	23.600000381469727	23.600000381469727	0.0	0.0
COA6	1.0	1.0	0.1979999989271164	0.1979999989271164	0.1979999989271164	0.0	0.0
COA7	0.5025906735751295	0.5025906735751295	19.719999313354492	19.719999313354492	19.719999313354492	0.0	0.0
COG2	0.496551724137931	0.496551724137931	5.9039998054504395	5.9039998054504395	5.9039998054504395	0.0	0.0
COL11A1	1.0	1.0	12.511999987065792	24.700000762939453	50.04799994826317	1.0	0.0
COL16A1	1.0	1.0	2.034500002861023	2.440000057220459	4.069000005722046	0.0	0.0
COL24A1	0.6582951747832394	0.745197606676114	9.486749969422817	20.5	37.94699987769127	1.0	0.0
COL9A2	0.5	0.5	17.459999084472656	17.459999084472656	17.459999084472656	0.0	0.0
COPA	0.4673913043478261	0.4673913043478261	1.9299999475479126	1.9299999475479126	1.9299999475479126	0.0	0.0
COQ8A	0.6956099714509125	0.8829113924050633	1.7410000031231903	4.526000022888184	6.964000012492761	0.0	0.0
CPT2	0.5212765957446809	0.5212765957446809	0.07199999690055847	0.07199999690055847	0.07199999690055847	0.0	0.0
CPTP	1.0	1.0	0.4440000057220459	0.4440000057220459	0.4440000057220459	0.0	0.0
CR1	0.49514384900896286	0.652468894455868	3.4211110927474997	8.375	30.789999834727496	0.0	0.0
CR1L	0.6927380636754004	0.5825757575757575	9.014000228916606	15.8100004196167	27.042000686749816	0.0	0.0
CR2	1.0	1.0	0.8109999895095825	0.8109999895095825	0.8109999895095825	0.0	0.0
CRB1	0.4672489082969432	0.4672489082969432	0.2720000147819519	0.2720000147819519	0.2720000147819519	0.0	0.0
CRCT1	0.5043248371277578	0.5041276374302204	7.9695000648498535	8.657999992370605	15.939000129699707	0.0	0.0
CROCC	0.4602904629572842	0.48654379157427935	14.13575029373169	23.700000762939453	56.54300117492676	0.0	0.0
CRYBG2	0.4904168697308575	0.513674043555317	12.127400106191635	24.0	60.637000530958176	0.0	0.0
CRYZ	0.6300571535701673	0.6505002000800321	9.799333413441977	16.59000015258789	29.398000240325928	0.0	0.0
CRYZL2P-SEC16B	0.5881887439415867	0.5777179182866108	8.803600198030471	25.700000762939453	44.01800099015236	0.0	0.0
CSF1	1.0	1.0	1.1205000281333923	1.284000039100647	2.2410000562667847	0.0	0.0
CSF3R	0.6160345976616974	0.6	0.25049999356269836	0.3709999918937683	0.5009999871253967	0.0	0.0
CSMD2	0.5131906606730043	0.5127148686232672	9.485856835331235	23.299999237060547	66.40099784731865	0.0	0.0
CTBS	0.38133486652546555	0.3881500254342732	10.591600036621093	15.109999656677246	52.95800018310547	0.0	0.0
CTSK	1.0	1.0	0.12399999797344208	0.12399999797344208	0.12399999797344208	0.0	0.0
CTSS	0.9957081545064378	0.9957081545064378	19.59000015258789	19.59000015258789	19.59000015258789	0.0	0.0
CTTNBP2NL	0.6	0.6	0.5249999761581421	0.5249999761581421	0.5249999761581421	0.0	0.0
CYB5R1	0.517799352750809	0.517799352750809	15.880000114440918	15.880000114440918	15.880000114440918	0.0	0.0
CYP4A11	0.49200755555182296	0.5247611865258924	2.1636667052904763	3.937000036239624	6.491000115871429	0.0	0.0
CYP4A22	0.8680689283977587	0.8586472133713455	12.679142849785942	23.399999618530273	88.75399994850159	0.0	0.0
CYP4B1	0.546875	0.546875	18.989999771118164	18.989999771118164	18.989999771118164	0.0	0.0
CYP4Z1	1.0	1.0	3.707499921321869	6.659999847412109	7.414999842643738	0.0	0.0
DBT	0.96	0.96	13.989999771118164	13.989999771118164	13.989999771118164	0.0	0.0
DCAF6	1.0	1.0	8.730999946594238	8.730999946594238	8.730999946594238	0.0	0.0
DCST1	0.4935500338560105	0.4928642785785643	12.389999866485596	12.880000114440918	24.77999973297119	0.0	0.0
DCST2	0.41729508062047327	0.4378868258178603	10.645999908447266	18.579999923706055	21.29199981689453	0.0	0.0
DDAH1	0.5119047619047619	0.5119047619047619	4.789000034332275	4.789000034332275	4.789000034332275	0.0	0.0
DDI2	1.0	1.0	10.15999984741211	10.15999984741211	10.15999984741211	0.0	0.0
DDOST	1.0	1.0	3.7200000286102295	3.7200000286102295	3.7200000286102295	0.0	0.0
DDR2	0.5060240963855421	0.5060240963855421	6.058000087738037	6.058000087738037	6.058000087738037	0.0	0.0
DDX20	0.3927767628938011	0.42698007530585136	8.029500108212233	14.8100004196167	32.11800043284893	0.0	0.0
DDX59	1.0	1.0	0.04100000113248825	0.04100000113248825	0.04100000113248825	0.0	0.0
DENND1B	0.41474396939443275	0.41315464644683475	13.026500344276428	23.700000762939453	26.053000688552856	0.0	0.0
DENND2C	1.0	1.0	16.899999618530273	16.899999618530273	16.899999618530273	0.0	0.0
DENND2D	0.4444444444444444	0.4444444444444444	3.8970000743865967	3.8970000743865967	3.8970000743865967	0.0	0.0
DFFB	0.49996937838190586	0.49642857142857144	4.898500056937337	9.755000114440918	9.797000113874674	0.0	0.0
DHCR24	0.5263157894736842	0.5263157894736842	10.720000267028809	10.720000267028809	10.720000267028809	0.0	0.0
DHDDS	0.36082474226804123	0.36082474226804123	13.5	13.5	13.5	0.0	0.0
DHRS3	0.4883720930232558	0.4883720930232558	0.5730000138282776	0.5730000138282776	0.5730000138282776	0.0	0.0
DHX9	1.0	1.0	5.072000026702881	5.072000026702881	5.072000026702881	0.0	0.0
DISC1	1.0	1.0	9.619000236193338	23.200000762939453	28.857000708580017	0.0	0.0
DISP1	0.4382138930128246	0.45276653171390013	1.6004999876022339	2.384999990463257	3.2009999752044678	0.0	0.0
DISP3	1.0	1.0	2.0330000184476376	3.9600000381469727	4.066000036895275	0.0	0.0
DMBX1	0.40275637198548936	0.4885830132309006	4.850500203669071	9.62600040435791	9.701000407338142	0.0	0.0
DMRTA2	0.34782608695652173	0.34782608695652173	2.36899995803833	2.36899995803833	2.36899995803833	0.0	0.0
DNAH14	0.790746638884807	0.8060347503511318	8.713722235988826	21.100000381469727	156.84700024779886	0.0	0.0
DNAI4	1.0	1.0	3.991499900817871	6.205999851226807	7.982999801635742	0.0	0.0
DNAJC11	0.4840764331210191	0.4840764331210191	0.09700000286102295	0.09700000286102295	0.09700000286102295	0.0	0.0
DNAJC16	0.4931506849315068	0.4931506849315068	16.68000030517578	16.68000030517578	16.68000030517578	0.0	0.0
DNAJC6	0.45085877779822864	0.46265938069216755	3.7030001282691956	6.1020002365112305	7.406000256538391	0.0	0.0
DNALI1	0.4573170731707317	0.4573170731707317	25.0	25.0	25.0	0.0	0.0
DNASE2B	0.4554734532114969	0.45214445214445215	4.979999999205272	7.949999809265137	14.939999997615814	0.0	0.0
DNM3	0.4336263736423083	0.7166666666666667	3.867499973392114	7.730999946594238	7.734999946784228	0.0	0.0
DNTTIP2	0.43373493975903615	0.43373493975903615	3.190999984741211	3.190999984741211	3.190999984741211	0.0	0.0
DPT	0.47928994082840237	0.47928994082840237	0.1080000028014183	0.1080000028014183	0.1080000028014183	0.0	0.0
DPYD	0.42857142857142855	0.42857142857142855	16.90999984741211	16.90999984741211	16.90999984741211	0.0	0.0
DSTYK	0.6881954828616932	0.6399126399126399	15.345333417256674	19.110000610351562	46.03600025177002	0.0	0.0
DTL	1.0	1.0	4.859000086784363	7.3460001945495605	9.718000173568726	0.0	0.0
DUSP10	0.49677041493808527	0.505404112864658	6.316999793052673	8.682999610900879	12.633999586105347	0.0	0.0
DUSP12	1.0	1.0	7.34499979019165	7.34499979019165	7.34499979019165	0.0	0.0
DVL1	1.0	1.0	0.34700000286102295	0.34700000286102295	0.34700000286102295	0.0	0.0
EBNA1BP2	0.5590955050276019	0.5500125031257814	7.242500066757202	9.390000343322754	14.485000133514404	0.0	0.0
ECE1	0.49941546998658093	0.46663172606568837	15.761000156402588	23.100000381469727	31.522000312805176	0.0	0.0
ECM1	1.0	1.0	6.775499790906906	13.4399995803833	13.550999581813812	0.0	0.0
EDARADD	1.0	1.0	7.815999984741211	7.815999984741211	7.815999984741211	0.0	0.0
EDEM3	0.4925373134328358	0.4925373134328358	7.633999824523926	7.633999824523926	7.633999824523926	0.0	0.0
EEF1AKNMT	0.5350563335717315	0.5135901147377574	13.796250343322754	24.200000762939453	55.185001373291016	0.0	0.0
EFCAB2	0.4157303370786517	0.4157303370786517	7.709000110626221	7.709000110626221	7.709000110626221	0.0	0.0
EFCAB7	0.49327033453812946	0.5224977597745365	9.214199900627136	18.399999618530273	46.07099950313568	0.0	0.0
EIF4G3	0.5747725376890019	0.737603305785124	13.39050030708313	21.700000762939453	26.78100061416626	0.0	0.0
ELAPOR1	0.9941872119401158	0.9977980080921258	5.190999889073686	21.299999237060547	46.71899900166318	0.0	0.0
ELAVL4	1.0	1.0	11.252999782562256	14.149999618530273	22.50599956512451	0.0	0.0
ELF3	0.5154639175257731	0.5154639175257731	0.06199999898672104	0.06199999898672104	0.06199999898672104	0.0	0.0
ELOA	0.5434782608695652	0.5434782608695652	21.0	21.0	21.0	0.0	0.0
EPHA10	0.4820717131474104	0.4820717131474104	8.567999839782715	8.567999839782715	8.567999839782715	0.0	0.0
EPHA2	0.4160742943361784	0.4807692307692307	18.531500101089478	31.0	37.063000202178955	0.0	0.0
EPHB2	1.0	1.0	11.630000114440918	11.630000114440918	11.630000114440918	0.0	0.0
EPRS1	0.5248930584738835	0.755	3.99749992787838	7.751999855041504	7.99499985575676	0.0	0.0
EPS15	0.5227272727272727	0.5227272727272727	0.2879999876022339	0.2879999876022339	0.2879999876022339	0.0	0.0
EPS8L3	1.0	1.0	6.3849998489022255	12.569999694824219	12.769999697804451	0.0	0.0
ERICH3	0.5816493477497697	0.6307142857142857	5.598749999888241	22.0	22.394999999552965	0.0	0.0
ERMAP	0.46633416458852867	0.46633416458852867	4.435999870300293	4.435999870300293	4.435999870300293	0.0	0.0
ERO1B	0.5548415475579734	0.5514191690662279	19.645000457763672	22.700000762939453	39.290000915527344	0.0	0.0
ETV3L	0.4909090909090909	0.4909090909090909	0.8640000224113464	0.8640000224113464	0.8640000224113464	0.0	0.0
EVI5	0.8118464326357828	0.7951182795698924	9.16259993314743	17.309999465942383	45.81299966573715	0.0	0.0
EXO1	0.6744971433597549	0.7354489475279432	8.156000102559725	22.0	48.93600061535835	0.0	0.0
EXO5	0.5050505050505051	0.5050505050505051	22.399999618530273	22.399999618530273	22.399999618530273	0.0	0.0
EXOSC10	1.0	1.0	2.199500061571598	4.3470001220703125	4.399000123143196	0.0	0.0
EXTL1	0.8903842343440908	0.7056451612903226	12.779499530792236	20.799999237060547	25.558999061584473	0.0	0.0
F13B	0.48307193402919707	0.47569714633588517	0.8206666509310404	0.968999981880188	2.4619999527931213	0.0	0.0
F5	0.4539781858809214	0.47452674094696656	1.173181815072894	5.539000034332275	12.904999965801835	0.0	0.0
FAAH	1.0	1.0	7.828000068664551	7.828000068664551	7.828000068664551	0.0	0.0
FAAP20	1.0	1.0	8.934000015258789	8.934000015258789	8.934000015258789	0.0	0.0
FAM131C	0.7055865384153376	0.8055900621118012	9.869332949320475	18.459999084472656	29.607998847961426	0.0	0.0
FAM151A	0.49074074074074076	0.49074074074074076	0.10899999737739563	0.10899999737739563	0.10899999737739563	0.0	0.0
FAM177B	1.0	1.0	7.931500076316297	15.84000015258789	15.863000152632594	0.0	0.0
FAM183A	0.4444444444444444	0.4444444444444444	7.065999984741211	7.065999984741211	7.065999984741211	0.0	0.0
FAM71A	0.7668897566078248	0.6628248587570621	3.6273333628972373	5.931000232696533	10.882000088691711	0.0	0.0
FBLIM1	0.5238095238095238	0.5238095238095238	26.200000762939453	26.200000762939453	26.200000762939453	0.0	0.0
FBXO42	0.9938650306748467	0.9938650306748467	4.718999862670898	4.718999862670898	4.718999862670898	0.0	0.0
FCGR2A	0.9994369525206156	0.75	0.8880000243661925	1.7740000486373901	1.776000048732385	0.0	0.0
FCGR2C	0.8293575344884865	0.7222222222222222	6.315999984741211	8.751999855041504	12.631999969482422	0.0	0.0
FCGR3A	0.5	0.5	0.12399999797344208	0.12399999797344208	0.12399999797344208	0.0	0.0
FCMR	0.4411764705882353	0.4411764705882353	0.9580000042915344	0.9580000042915344	0.9580000042915344	0.0	0.0
FCRL1	0.6	0.6	2.9059998989105225	2.9059998989105225	2.9059998989105225	0.0	0.0
FCRL3	0.4074074074074074	0.4074074074074074	0.00800000037997961	0.00800000037997961	0.00800000037997961	0.0	0.0
FCRL4	0.45161290322580644	0.45161290322580644	3.312999963760376	3.312999963760376	3.312999963760376	0.0	0.0
FCRL5	0.3543204383793034	0.42744020685197154	0.01433333350966374	0.027000000700354576	0.04300000052899122	0.0	0.0
FCRLA	1.0	1.0	0.6489999890327454	0.6489999890327454	0.6489999890327454	0.0	0.0
FCRLB	1.0	1.0	2.8845000565052032	5.038000106811523	5.7690001130104065	0.0	0.0
FGGY	0.46337339138857303	0.464326375711575	8.817999839782715	10.15999984741211	17.63599967956543	0.0	0.0
FHAD1	0.8389980543668331	0.7187188743711835	6.350600065290928	21.5	31.75300032645464	0.0	0.0
FLG	0.47084279040042476	0.38035714285714284	1.0699999667704105	2.0929999351501465	2.139999933540821	0.0	0.0
FLG2	0.4186046511627907	0.4186046511627907	4.97599983215332	4.97599983215332	4.97599983215332	0.0	0.0
FLVCR1	0.531615019117583	0.5328208160851566	12.434999942779541	14.739999771118164	24.869999885559082	0.0	0.0
FMN2	0.8064851119046776	0.7192739669600837	4.492285771029336	7.75	31.446000397205353	0.0	0.0
FMO1	1.0	1.0	0.7036666870117188	1.2920000553131104	2.1110000610351562	0.0	0.0
FMO2	0.8085237986788163	0.6460015517362317	16.844999879598618	40.0	67.37999951839447	1.0	1.0
FMO3	0.6949345617773078	0.6689237294554268	16.167333126068115	24.5	48.501999378204346	0.0	0.0
FMOD	1.0	1.0	6.00600004196167	6.00600004196167	6.00600004196167	0.0	0.0
FNDC7	0.8250908559477347	0.7288956238911886	13.180500507354736	18.280000686645508	26.361001014709473	0.0	0.0
FOXD2	1.0	1.0	18.110000610351562	18.110000610351562	18.110000610351562	0.0	0.0
FOXE3	0.3888888888888889	0.3888888888888889	6.184000015258789	6.184000015258789	6.184000015258789	0.0	0.0
FOXJ3	0.527027027027027	0.527027027027027	16.270000457763672	16.270000457763672	16.270000457763672	0.0	0.0
FOXO6	0.873073050566769	0.787878787878788	10.306333541870117	17.280000686645508	30.91900062561035	0.0	0.0
FPGT	0.5282364667773681	0.5275743977326406	6.894000053405762	7.083000183105469	13.788000106811523	0.0	0.0
FRRS1	0.2702514449110628	0.2663043478260869	0.6320000141859055	0.7850000262260437	1.264000028371811	0.0	0.0
GABPB2	0.4620253164556962	0.4620253164556962	24.5	24.5	24.5	0.0	0.0
GABRD	1.0	1.0	10.350000381469727	10.350000381469727	10.350000381469727	0.0	0.0
GALNT2	1.0	1.0	23.399999618530273	23.399999618530273	23.399999618530273	0.0	0.0
GBP1	0.5111111111111111	0.5111111111111111	20.700000762939453	20.700000762939453	20.700000762939453	0.0	0.0
GBP2	1.0	1.0	11.498999834060669	16.059999465942383	22.997999668121338	0.0	0.0
GBP3	0.4480546000348662	0.4481979582512863	22.299999872843426	23.5	66.89999961853027	1.0	0.0
GBP6	1.0	1.0	9.152250095445197	19.31999969482422	36.60900038178079	0.0	0.0
GBP7	1.0	1.0	6.090000152587891	6.090000152587891	6.090000152587891	0.0	0.0
GCSAML	0.5263157894736842	0.5263157894736842	24.799999237060547	24.799999237060547	24.799999237060547	0.0	1.0
GFI1	0.4953271028037383	0.4953271028037383	9.151000022888184	9.151000022888184	9.151000022888184	0.0	0.0
GJA5	0.49222797927461137	0.49222797927461137	0.9599999785423279	0.9599999785423279	0.9599999785423279	0.0	0.0
GJA9	0.47046284825425844	0.4838753387533875	3.47650009393692	5.123000144958496	6.95300018787384	0.0	0.0
GJB4	0.4883720930232558	0.4883720930232558	5.376999855041504	5.376999855041504	5.376999855041504	0.0	0.0
GLIS1	0.9999999972309976	1.0	17.336666742960613	20.600000381469727	52.010000228881836	0.0	0.0
GLRX2	1.0	1.0	2.63700008392334	2.63700008392334	2.63700008392334	0.0	0.0
GLUL	0.5	0.5	11.3100004196167	11.3100004196167	11.3100004196167	0.0	0.0
GNG4	0.5683453237410072	0.5683453237410072	0.32899999618530273	0.32899999618530273	0.32899999618530273	0.0	0.0
GNPAT	0.4900884642444801	0.49576365663322186	10.221999764442444	16.979999542236328	20.443999528884888	0.0	0.0
GON4L	0.4326530612244898	0.4326530612244898	0.019999999552965164	0.019999999552965164	0.019999999552965164	0.0	0.0
GORAB	1.0	1.0	16.1899995803833	19.299999237060547	32.3799991607666	0.0	0.0
GPATCH3	0.4861111111111111	0.4861111111111111	19.850000381469727	19.850000381469727	19.850000381469727	0.0	0.0
GPR153	0.5977904657108527	0.5724598930481284	0.8420000076293945	1.3140000104904175	1.684000015258789	0.0	0.0
GPR161	1.0	1.0	0.014999999664723873	0.014999999664723873	0.014999999664723873	0.0	0.0
GPR37L1	0.8098027731962407	0.8793859649122807	3.819499984383583	7.122000217437744	15.277999937534332	0.0	0.0
GPR88	1.0	1.0	13.819999694824219	13.819999694824219	13.819999694824219	0.0	0.0
GPR89B	0.5428571428571428	0.5428571428571428	8.843999862670898	8.843999862670898	8.843999862670898	0.0	0.0
GPX7	0.5	0.5	11.680000305175781	11.680000305175781	11.680000305175781	0.0	0.0
GRHL3	1.0	1.0	0.3230000138282776	0.3230000138282776	0.3230000138282776	0.0	0.0
GRIK3	0.4117647058823529	0.4117647058823529	16.479999542236328	16.479999542236328	16.479999542236328	0.0	0.0
GSTM1	0.9097222222222222	0.9097222222222222	0.49000000953674316	0.49000000953674316	0.49000000953674316	0.0	0.0
GSTM2	1.0	1.0	7.473999977111816	7.473999977111816	7.473999977111816	0.0	0.0
GSTM3	0.4491525423728814	0.4491525423728814	0.007000000216066837	0.007000000216066837	0.007000000216066837	0.0	0.0
GSTM4	1.0	1.0	2.187000036239624	2.187000036239624	2.187000036239624	0.0	0.0
GSTM5	0.5282426054666274	0.4720149693792475	6.229499846696854	17.729999542236328	24.917999386787415	0.0	0.0
GTF2B	1.0	1.0	0.05299999937415123	0.05299999937415123	0.05299999937415123	0.0	0.0
GUCA2A	0.5416666666666666	0.5416666666666666	11.59000015258789	11.59000015258789	11.59000015258789	0.0	0.0
GUCA2B	0.4444444444444444	0.4444444444444444	0.023000000044703484	0.023000000044703484	0.023000000044703484	0.0	0.0
H3-4	1.0	1.0	6.410999774932861	6.410999774932861	6.410999774932861	0.0	0.0
H6PD	0.8736492123701255	0.6306390977443609	0.9613333274610341	2.2039999961853027	2.883999982383102	0.0	0.0
HAO2	0.4883720930232558	0.4883720930232558	0.3889999985694885	0.3889999985694885	0.3889999985694885	0.0	0.0
HDGF	0.5597197363575283	0.7682926829268293	11.78849983215332	22.399999618530273	23.57699966430664	0.0	0.0
HEATR1	1.0	1.0	7.575285824015737	27.200000762939453	106.05400153622031	0.0	0.0
HECTD3	0.5220588235294118	0.5220588235294118	21.600000381469727	21.600000381469727	21.600000381469727	0.0	0.0
HES3	0.6383540076051599	0.7925925925925926	14.108333587646484	24.600000381469727	42.32500076293945	1.0	0.0
HES4	0.5833333333333334	0.5833333333333334	4.723999977111816	4.723999977111816	4.723999977111816	0.0	0.0
HEYL	1.0	1.0	18.200000762939453	18.200000762939453	18.200000762939453	0.0	0.0
HFM1	0.9262690645156884	0.8936416184971098	2.815799930691719	5.502999782562256	14.078999653458595	0.0	0.0
HHAT	0.5478163619362241	0.6290936384290815	14.393499791622162	25.799999237060547	57.57399916648865	0.0	0.0
HHIPL2	0.4593532028495889	0.4713025696340491	6.857666532198588	14.569999694824219	20.572999596595764	0.0	0.0
HIPK1	0.4418604651162791	0.4418604651162791	11.579999923706055	11.579999923706055	11.579999923706055	0.0	0.0
HIVEP3	1.0	1.0	6.571999888334956	14.029999732971191	46.00399921834469	0.0	0.0
HLX	1.0	1.0	21.799999237060547	21.799999237060547	21.799999237060547	0.0	0.0
HMCN1	0.5485067552228281	0.5273458803006124	15.333800315856934	24.600000381469727	76.66900157928467	0.0	0.0
HMGB4	0.6353126983008268	0.740506329113924	10.779999732971191	15.149999618530273	21.559999465942383	0.0	0.0
HMGCL	1.0	1.0	8.595999717712402	8.595999717712402	8.595999717712402	0.0	0.0
HORMAD1	1.0	1.0	0.3930000066757202	0.3930000066757202	0.3930000066757202	0.0	0.0
HPCAL4	0.5151006810868686	0.5300273224043716	11.296000003814697	13.319999694824219	22.592000007629395	0.0	0.0
HRNR	0.6357592251771436	0.8026950948836687	2.875470621549004	17.780000686645508	97.76600113266613	0.0	0.0
HSD3B1	0.5249323567120329	0.759493670886076	3.155499901622534	6.232999801635742	6.310999803245068	0.0	0.0
HSPA6	0.6044876963110837	0.7301834130781499	10.120800018310547	21.899999618530273	50.604000091552734	0.0	0.0
HSPB7	0.5417337608692262	0.5131410256410257	5.977666657728453	13.579999923706055	17.93299997318536	0.0	0.0
HSPG2	0.8107992729094867	0.7291928328426313	9.794909078966487	23.5	107.74399986863136	0.0	0.0
IBA57	0.5063291139240507	0.5063291139240507	6.360000133514404	6.360000133514404	6.360000133514404	0.0	0.0
ID3	1.0	1.0	0.1420000046491623	0.1420000046491623	0.1420000046491623	0.0	0.0
IER5	0.5317200226428443	0.7608695652173914	10.182500272989273	19.940000534057617	20.365000545978546	0.0	0.0
IFI16	1.0	1.0	0.15933333647747835	0.4090000092983246	0.47800000943243504	0.0	0.0
IFI44L	0.5642620534936524	0.522672064777328	0.010999999882187694	0.020999999716877937	0.02199999976437539	0.0	0.0
IFNLR1	0.49242424242424243	0.49242424242424243	6.36899995803833	6.36899995803833	6.36899995803833	0.0	0.0
IGFN1	0.6275936032635341	0.6098281141305	3.3909524612993533	20.600000381469727	71.21000168728642	0.0	0.0
IGSF3	0.5370370370370371	0.5370370370370371	0.0010000000474974513	0.0010000000474974513	0.0010000000474974513	0.0	0.0
IKBKE	0.4393939393939394	0.4393939393939394	5.756999969482422	5.756999969482422	5.756999969482422	0.0	0.0
IL12RB2	1.0	1.0	0.48166665310661	1.090999960899353	1.44499995931983	0.0	0.0
IL19	1.0	1.0	2.1619999408721924	2.1619999408721924	2.1619999408721924	0.0	0.0
IL22RA1	0.4914406474202105	0.46857616170254807	4.25	12.869999885559082	21.25	0.0	0.0
IL23R	1.0	1.0	11.449999809265137	11.449999809265137	11.449999809265137	0.0	0.0
IL24	0.502283105022831	0.502283105022831	22.299999237060547	22.299999237060547	22.299999237060547	0.0	0.0
IL6R	1.0	1.0	14.75	14.75	14.75	0.0	0.0
INKA2	1.0	1.0	6.53000020980835	6.53000020980835	6.53000020980835	0.0	0.0
INPP5B	0.7226521591538618	0.6954411764705882	13.532199808955193	25.399999618530273	67.66099904477596	0.0	0.0
INSL5	1.0	1.0	0.061000000685453415	0.061000000685453415	0.061000000685453415	0.0	0.0
INTS11	1.0	1.0	2.782000045912961	8.156000137329102	8.346000137738883	0.0	0.0
IPO13	1.0	1.0	0.29499998688697815	0.29499998688697815	0.29499998688697815	0.0	0.0
IQGAP3	1.0	1.0	12.866000080108643	23.5	64.33000040054321	0.0	0.0
IRF2BP2	0.5162735849109652	0.5	10.600000143051147	14.050000190734863	21.200000286102295	0.0	0.0
ISG15	0.852937521957018	0.6907216494845361	2.490000009536743	3.7960000038146973	4.980000019073486	0.0	0.0
ITGA10	0.5083333333333333	0.5083333333333333	15.770000457763672	15.770000457763672	15.770000457763672	0.0	0.0
ITGB3BP	1.0	1.0	1.434999942779541	1.434999942779541	1.434999942779541	0.0	0.0
ITLN1	0.5354676627051678	0.5439214232765011	7.779499962925911	15.329999923706055	15.558999925851822	0.0	0.0
ITLN2	0.45180722891566266	0.45180722891566266	0.0010000000474974513	0.0010000000474974513	0.0010000000474974513	0.0	0.0
ITPKB	1.0	1.0	3.8350000381469727	3.8350000381469727	3.8350000381469727	0.0	0.0
JAK1	0.4657534246575342	0.4657534246575342	0.014000000432133675	0.014000000432133675	0.014000000432133675	0.0	0.0
JMJD4	0.6996425332319116	0.6601072216966256	4.711666670938333	7.754000186920166	14.135000012814999	0.0	0.0
KANK4	1.0	1.0	4.6065455295822835	15.15999984741211	50.67200082540512	0.0	0.0
KCNA10	0.46612395580698734	0.5014580189429605	7.666000157594681	17.290000915527344	30.664000630378723	0.0	0.0
KCNA2	0.44370860927152317	0.44370860927152317	0.9070000052452087	0.9070000052452087	0.9070000052452087	0.0	0.0
KCNAB2	0.48148246788605836	0.4885892116182573	2.0254999697208405	3.2869999408721924	4.050999939441681	0.0	0.0
KCNH1	0.9833333333333333	0.9833333333333333	0.15299999713897705	0.15299999713897705	0.15299999713897705	0.0	0.0
KCNN3	1.0	1.0	2.2635000348091125	3.2880001068115234	4.527000069618225	0.0	0.0
KCNQ4	0.3265545056113339	0.3736213235294118	9.409499764442444	14.979999542236328	18.818999528884888	0.0	0.0
KCNT2	0.9803921568627451	0.9803921568627451	6.605000019073486	6.605000019073486	6.605000019073486	0.0	0.0
KCTD3	0.4999912075173447	0.4954545454545455	8.788499733433127	17.559999465942383	17.576999466866255	0.0	0.0
KDM4A	1.0	1.0	13.4399995803833	13.4399995803833	13.4399995803833	0.0	0.0
KDM5B	1.0	1.0	2.9992499854415655	7.10099983215332	11.996999941766262	0.0	0.0
KIAA0754	0.44660194174757284	0.44660194174757284	2.4600000381469727	2.4600000381469727	2.4600000381469727	0.0	0.0
KIAA1522	0.515625	0.515625	0.04899999871850014	0.04899999871850014	0.04899999871850014	0.0	0.0
KIAA1614	0.9348545225794153	0.7546259240077217	4.972750142216682	17.110000610351562	19.89100056886673	0.0	0.0
KIAA2013	0.5244161399316319	0.7	10.59749960899353	16.799999237060547	21.19499921798706	0.0	0.0
KIF14	0.5143106091855746	0.4883956386292835	12.923500299453735	18.360000610351562	25.84700059890747	0.0	0.0
KIF17	0.6469309503134753	0.7233009708737864	8.62850022315979	11.010000228881836	17.25700044631958	0.0	0.0
KIF1B	0.50199203187251	0.50199203187251	5.789999961853027	5.789999961853027	5.789999961853027	0.0	0.0
KIF21B	0.5265655273135733	0.4610169491525424	2.1103333036104837	5.000999927520752	6.330999910831451	0.0	0.0
KIF26B	0.47575155119021073	0.6209670807892548	3.934999929741025	9.47599983215332	15.7399997189641	0.0	0.0
KIFAP3	0.5373134328358209	0.5373134328358209	6.876999855041504	6.876999855041504	6.876999855041504	0.0	0.0
KIRREL1	0.4797687861271676	0.4797687861271676	1.0870000123977661	1.0870000123977661	1.0870000123977661	0.0	0.0
KLF17	0.49127735072861284	0.6344961555122374	3.0214999499439728	10.989999771118164	12.085999799775891	0.0	0.0
KLHDC7A	0.49695120078978583	0.47692812430146814	3.096000015735626	13.670000076293945	15.480000078678131	0.0	0.0
KLHDC8A	0.5407721950043332	0.5467032967032968	6.487500190734863	9.98900032043457	12.975000381469727	0.0	0.0
KLHDC9	0.4560184364119625	0.4553670966714445	9.928999900817871	15.529999732971191	19.857999801635742	0.0	0.0
KLHL17	1.0	1.0	0.6809999942779541	0.6809999942779541	0.6809999942779541	0.0	0.0
KPRP	1.0	1.0	3.539499878883362	5.699999809265137	7.078999757766724	0.0	0.0
KYAT3	0.5483870967741935	0.5483870967741935	8.598999977111816	8.598999977111816	8.598999977111816	0.0	0.0
L1TD1	0.4942268749386155	0.4751151442013305	3.408714243343898	7.818999767303467	23.860999703407288	0.0	0.0
LACTBL1	0.4968152866242038	0.4968152866242038	17.68000030517578	17.68000030517578	17.68000030517578	0.0	0.0
LAD1	0.9946396253785859	0.7202596534239706	3.0275000262772664	10.670000076293945	12.110000105109066	0.0	0.0
LAMB3	0.9476353024182004	0.5762862616310892	1.1920000249519944	4.308000087738037	4.768000099807978	0.0	0.0
LAMC1	1.0	1.0	5.669249874539673	14.949999809265137	45.35399899631739	0.0	0.0
LAMC2	0.47297297297297297	0.47297297297297297	23.0	23.0	23.0	0.0	0.0
LAMTOR5	0.5450980392156862	0.5450980392156862	4.828000068664551	4.828000068664551	4.828000068664551	0.0	0.0
LAPTM5	1.0	1.0	0.2264999970793724	0.28700000047683716	0.4529999941587448	0.0	0.0
LBR	1.0	1.0	0.5593333290889859	1.2319999933242798	1.6779999872669578	0.0	0.0
LCE1A	0.6	0.6	16.90999984741211	16.90999984741211	16.90999984741211	0.0	0.0
LCE1C	0.4375	0.4375	0.4869999885559082	0.4869999885559082	0.4869999885559082	0.0	0.0
LCE1D	0.48188656726015755	0.373015873015873	3.367666721343994	6.88700008392334	10.103000164031982	0.0	1.0
LCE1E	0.9604900302617889	0.4880952380952381	1.5023333181937535	4.2769999504089355	4.506999954581261	0.0	0.0
LCE2D	0.5	0.5	9.180000305175781	9.180000305175781	9.180000305175781	0.0	0.0
LCE3D	0.5063291139240507	0.5063291139240507	4.215000152587891	4.215000152587891	4.215000152587891	0.0	0.0
LCE5A	0.5545023696682464	0.5545023696682464	14.40999984741211	14.40999984741211	14.40999984741211	0.0	0.0
LDLRAD2	0.4634146341463415	0.4634146341463415	14.100000381469727	14.100000381469727	14.100000381469727	0.0	0.0
LDLRAP1	0.431716497627636	0.42538875598086123	3.806999921798706	4.9029998779296875	7.613999843597412	0.0	0.0
LEFTY1	1.0	1.0	11.100000381469727	11.100000381469727	11.100000381469727	0.0	0.0
LEPR	0.5166535372775275	0.5167491435097069	16.175000190734863	16.239999771118164	32.35000038146973	0.0	0.0
LEXM	0.5345911949685535	0.5345911949685535	8.229000091552734	8.229000091552734	8.229000091552734	0.0	0.0
LGALS8	0.948497788914284	0.9090909090909091	9.533571311405726	24.799999237060547	66.73499917984009	0.0	0.0
LHX4	0.44	0.44	15.649999618530273	15.649999618530273	15.649999618530273	0.0	0.0
LHX9	0.48863636363636365	0.48863636363636365	2.937000036239624	2.937000036239624	2.937000036239624	0.0	0.0
LIN9	1.0	1.0	10.470000267028809	10.470000267028809	10.470000267028809	0.0	0.0
LIX1L	1.0	1.0	5.491000175476074	5.491000175476074	5.491000175476074	0.0	0.0
LMOD1	0.4537037037037037	0.4537037037037037	3.7790000438690186	3.7790000438690186	3.7790000438690186	0.0	0.0
LMX1A	0.8521457748810993	0.7666666666666666	8.241000175476074	11.260000228881836	16.48200035095215	0.0	0.0
LORICRIN	0.5600189081823294	0.5084326096427306	7.6746664841969805	13.359999656677246	23.023999452590942	0.0	0.0
LRIG2	1.0	1.0	2.796999931335449	2.796999931335449	2.796999931335449	0.0	0.0
LRP8	0.5829512901813816	0.6091163429001252	11.615333338578543	33.0	69.69200003147125	0.0	0.0
LRRC52	0.518324607329843	0.518324607329843	0.23100000619888306	0.23100000619888306	0.23100000619888306	0.0	0.0
LRRC53	1.0	1.0	3.573600007593632	8.395999908447266	17.86800003796816	0.0	0.0
LRRC71	0.5957446808510638	0.5957446808510638	0.008999999612569809	0.008999999612569809	0.008999999612569809	0.0	0.0
LRRC8B	0.47560975609756095	0.47560975609756095	0.03999999910593033	0.03999999910593033	0.03999999910593033	0.0	0.0
LRRC8C	1.0	1.0	20.5	20.5	20.5	0.0	0.0
LRRIQ3	1.0	1.0	0.013000000268220901	0.013000000268220901	0.013000000268220901	0.0	0.0
LRRN2	0.4831387964902264	0.48761363157914883	15.063499927520752	19.81999969482422	60.25399971008301	0.0	0.0
LUZP1	1.0	1.0	10.530399794876576	18.549999237060547	52.65199897438288	0.0	0.0
LY9	0.39606899183400346	0.4258214306706636	0.21600000467151403	0.4090000092983246	0.43200000934302807	0.0	0.0
LYPLAL1	1.0	1.0	12.410000324249268	16.020000457763672	24.820000648498535	0.0	0.0
LYST	0.5100982450894074	0.5023024504146015	4.556142743144717	8.74899959564209	31.892999202013016	0.0	0.0
MACF1	0.4990971395954857	0.5086226016546382	14.973000144958496	21.0	74.86500072479248	0.0	0.0
MAGI3	0.47368421052631576	0.47368421052631576	3.7119998931884766	3.7119998931884766	3.7119998931884766	0.0	0.0
MAP3K21	0.4892086330935252	0.4892086330935252	0.5149999856948853	0.5149999856948853	0.5149999856948853	0.0	0.0
MAP3K6	0.6721570786611135	0.7592592592592593	19.90000009536743	27.100000381469727	39.80000019073486	0.0	0.0
MAP7D1	0.58	0.58	0.09700000286102295	0.09700000286102295	0.09700000286102295	0.0	0.0
MASP2	1.0	1.0	13.17300021648407	24.600000381469727	26.34600043296814	0.0	0.0
MAST2	0.5612971130142885	0.6442098052141094	6.890999843676885	19.469999313354492	41.34599906206131	0.0	0.0
MATN1	1.0	1.0	2.54700004006736	5.091000080108643	5.09400008013472	0.0	0.0
MCOLN3	1.0	1.0	0.05400000140070915	0.05400000140070915	0.05400000140070915	0.0	0.0
MECR	1.0	1.0	10.241000175476074	14.3100004196167	20.48200035095215	0.0	0.0
MEF2D	0.5755419924157174	0.6685823754789272	5.78166651725769	8.399999618530273	17.34499955177307	0.0	0.0
MEGF6	0.5594120653772534	0.7069886928267448	5.364249996840954	15.020000457763672	42.91399997472763	0.0	0.0
METTL18	0.4548611111111111	0.4548611111111111	15.050000190734863	15.050000190734863	15.050000190734863	0.0	0.0
MFSD4A	0.4701298701298701	0.4701298701298701	0.32199999690055847	0.32199999690055847	0.32199999690055847	0.0	0.0
MIA3	0.6219062353560332	0.8723021582733813	5.951000224798918	17.6200008392334	23.80400089919567	0.0	0.0
MIB2	1.0	1.0	6.978999853134155	9.454999923706055	13.95799970626831	0.0	0.0
MICOS10	0.3888888888888889	0.3888888888888889	4.756999969482422	4.756999969482422	4.756999969482422	0.0	0.0
MIIP	0.7120918409032282	0.7378048780487805	13.460000038146973	14.779999732971191	26.920000076293945	0.0	0.0
MINDY1	1.0	1.0	10.842000007629395	15.09000015258789	21.68400001525879	0.0	0.0
MMACHC	0.5395060137623968	0.5666666666666667	11.626500248908997	21.100000381469727	23.253000497817993	1.0	0.0
MMEL1	1.0	1.0	3.7339999122777954	5.789999961853027	11.201999736833386	0.0	0.0
MNDA	0.47107438016528924	0.47107438016528924	0.35100001096725464	0.35100001096725464	0.35100001096725464	0.0	0.0
MOV10	0.5142857142857142	0.5142857142857142	16.239999771118164	16.239999771118164	16.239999771118164	0.0	0.0
MPC2	1.0	1.0	8.87399959564209	8.87399959564209	8.87399959564209	0.0	0.0
MROH7	0.9024586736821623	0.8630385487528345	8.986285580056053	23.0	62.90399906039238	0.0	0.0
MROH9	0.5142857142857142	0.5142857142857142	14.390000343322754	14.390000343322754	14.390000343322754	0.0	0.0
MRPL37	0.4689231252648183	0.4755156464546381	5.187666634718577	9.28499984741211	15.562999904155731	0.0	0.0
MRPL9	0.7488185197632613	0.7288930581613509	22.449999809265137	24.100000381469727	44.89999961853027	0.0	0.0
MRPS15	1.0	1.0	5.946000099182129	5.946000099182129	5.946000099182129	0.0	0.0
MRPS21	1.0	1.0	15.920000076293945	15.920000076293945	15.920000076293945	0.0	0.0
MSH4	0.5526315789473685	0.5526315789473685	6.5929999351501465	6.5929999351501465	6.5929999351501465	0.0	0.0
MST1L	0.7750032708240828	0.7083333333333334	12.714999993642172	17.559999465942383	38.144999980926514	0.0	0.0
MSTO1	0.503016946791432	0.5625	7.665000021457672	14.960000038146973	15.330000042915344	0.0	0.0
MTARC1	1.0	1.0	7.098999977111816	7.098999977111816	7.098999977111816	0.0	0.0
MTHFR	0.5186625084607926	0.5878541703813138	8.23239985704422	19.459999084472656	41.1619992852211	0.0	0.0
MTMR11	0.5227272727272727	0.5227272727272727	10.100000381469727	10.100000381469727	10.100000381469727	0.0	0.0
MTOR	1.0	1.0	2.1036667029062905	2.7880001068115234	6.311000108718872	0.0	0.0
MTR	0.5350681702557986	0.5571428571428572	1.0704999826848507	2.062999963760376	2.1409999653697014	0.0	0.0
MUC1	1.0	1.0	4.6940000255902605	8.850000381469727	28.164000153541565	0.0	0.0
MUL1	0.5230769230769231	0.5230769230769231	5.997000217437744	5.997000217437744	5.997000217437744	0.0	0.0
MYBPH	1.0	1.0	3.3854999989271164	6.296000003814697	6.770999997854233	0.0	0.0
MYBPHL	1.0	1.0	10.625	20.5	21.25	0.0	0.0
MYCL	1.0	1.0	18.270000457763672	18.270000457763672	18.270000457763672	0.0	0.0
MYOC	0.456	0.456	16.860000610351562	16.860000610351562	16.860000610351562	0.0	0.0
MYOM3	0.6206336183944298	0.5338520601003023	9.298124843975529	28.299999237060547	74.38499875180423	0.0	0.0
MYSM1	0.5816907383723214	0.5849217154526889	7.71399998664856	10.829999923706055	15.42799997329712	0.0	0.0
NADK	0.4297509392113967	0.4659853025114155	3.433000066783279	6.860000133514404	6.866000133566558	0.0	0.0
NASP	0.9868357017935367	0.7948717948717948	5.531666745742162	10.920000076293945	16.595000237226486	0.0	0.0
NAV1	0.5254237288135594	0.5254237288135594	12.40999984741211	12.40999984741211	12.40999984741211	0.0	0.0
NAXE	1.0	1.0	7.875750046223402	13.079999923706055	31.503000184893608	0.0	0.0
NBPF1	0.38947729717971175	0.4742971611721611	3.2213999964296818	15.539999961853027	32.21399996429682	0.0	0.0
NBPF12	0.6640907299040988	0.5020796197266786	5.306666744252046	15.760000228881836	15.920000232756138	0.0	0.0
NBPF14	0.3333333333333333	0.3333333333333333	16.040000915527344	16.040000915527344	16.040000915527344	0.0	0.0
NBPF26	0.55500000144355	0.6666666666666666	0.033333332277834415	0.08299999684095383	0.09999999683350325	0.0	0.0
NBPF3	0.5256260253630601	0.571644385026738	2.7689999605839453	8.394000053405762	16.61399976350367	0.0	0.0
NBPF4	0.6666666666666666	0.6666666666666666	0.11599999666213989	0.11599999666213989	0.11599999666213989	0.0	0.0
NBPF7	0.5122618290408212	0.5178571428571428	3.4340001344680786	4.510000228881836	6.868000268936157	0.0	0.0
NBPF8	1.0	1.0	2.7750000953674316	2.811000108718872	5.550000190734863	0.0	0.0
NBPF9	0.31852751946965685	0.5175736961451246	2.4859999859639044	8.345999717712402	17.40199990174733	0.0	0.0
NCDN	0.46875	0.46875	6.007999897003174	6.007999897003174	6.007999897003174	0.0	0.0
NCF2	0.48325358851674644	0.48325358851674644	16.600000381469727	16.600000381469727	16.600000381469727	0.0	0.0
NEGR1	1.0	1.0	3.4730000495910645	3.4730000495910645	3.4730000495910645	0.0	0.0
NENF	1.0	1.0	0.07400000095367432	0.07400000095367432	0.07400000095367432	0.0	0.0
NES	1.0	1.0	2.445142885936158	12.130000114440918	17.116000201553106	0.0	0.0
NFASC	0.5223124130488449	0.5135802469135803	4.832000096638997	7.939000129699707	14.496000289916992	0.0	0.0
NFIA	0.5078125	0.5078125	2.308000087738037	2.308000087738037	2.308000087738037	0.0	0.0
NGF	0.48623853211009177	0.48623853211009177	21.799999237060547	21.799999237060547	21.799999237060547	0.0	0.0
NIBAN1	0.4957983193277311	0.4957983193277311	6.64300012588501	6.64300012588501	6.64300012588501	0.0	0.0
NID1	0.4338776362994549	0.44537406862401613	11.674666608062884	25.5	35.02399982418865	1.0	0.0
NIPAL3	1.0	1.0	10.0	10.0	10.0	0.0	0.0
NLRP3	0.9908214707798161	0.7255937586302127	1.5639999993145466	3.1019999980926514	3.127999998629093	0.0	0.0
NME7	0.4806201550387597	0.4806201550387597	15.15999984741211	15.15999984741211	15.15999984741211	0.0	0.0
NOC2L	1.0	1.0	3.7885001245886087	8.567000389099121	15.154000498354435	0.0	0.0
NOL9	0.6732491668887612	0.6695213324331223	12.472800159454346	21.200000762939453	62.36400079727173	0.0	0.0
NPHP4	0.632178748828653	0.7916666666666667	13.367000222206116	23.600000381469727	26.73400044441223	0.0	0.0
NPHS2	0.47050477346172725	0.5976828985954623	2.2722500525414944	5.044000148773193	9.089000210165977	0.0	0.0
NPPA	0.514018691588785	0.514018691588785	2.921999931335449	2.921999931335449	2.921999931335449	0.0	0.0
NR1I3	0.5113636363636364	0.5113636363636364	9.001999855041504	9.001999855041504	9.001999855041504	0.0	0.0
NR5A2	0.45161290322580644	0.45161290322580644	0.028999999165534973	0.028999999165534973	0.028999999165534973	0.0	0.0
NRDC	0.42131350267135814	0.44812193883401313	8.806999762852987	11.779999732971191	26.42099928855896	0.0	0.0
NSL1	0.9996940726352265	0.76	0.7844999795197509	1.5679999589920044	1.5689999590395018	0.0	0.0
NSUN4	1.0	1.0	18.770000457763672	18.770000457763672	18.770000457763672	0.0	0.0
NTNG1	1.0	1.0	6.730999946594238	6.730999946594238	6.730999946594238	0.0	0.0
NTRK1	0.4230769230769231	0.4230769230769231	3.7720000743865967	3.7720000743865967	3.7720000743865967	0.0	0.0
NUAK2	0.7376438308758637	0.6811594202898551	4.464999973773956	6.723999977111816	13.394999921321869	0.0	0.0
NUF2	0.49700598802395207	0.49700598802395207	6.959000110626221	6.959000110626221	6.959000110626221	0.0	0.0
NUP210L	1.0	1.0	0.5249999761581421	0.5249999761581421	0.5249999761581421	0.0	0.0
NVL	1.0	1.0	4.873999834060669	7.3979997634887695	9.747999668121338	0.0	0.0
OBSCN	0.6289969642845413	0.5988772915716388	7.476060663378148	21.700000762939453	246.7100018914789	0.0	0.0
ODF2L	0.4790083296823725	0.4778373426117373	6.237249970436096	7.616000175476074	24.948999881744385	0.0	0.0
ODR4	0.509090909090909	0.509090909090909	11.100000381469727	11.100000381469727	11.100000381469727	0.0	0.0
OLFM3	0.5130890052356021	0.5130890052356021	5.868000030517578	5.868000030517578	5.868000030517578	0.0	0.0
OLFML2B	1.0	1.0	4.047000020742416	7.75600004196167	8.094000041484833	0.0	0.0
OPRD1	1.0	1.0	12.039999961853027	13.579999923706055	24.079999923706055	0.0	0.0
OR10J1	0.4978483759286316	0.6704107999789063	14.180666653982675	27.899999618530273	42.54199996194802	0.0	1.0
OR10J4	1.0	1.0	0.7789999842643738	0.7789999842643738	0.7789999842643738	0.0	0.0
OR10J5	0.48684617382585804	0.4917218543046358	2.559499979019165	4.066999912261963	5.11899995803833	0.0	0.0
OR10R2	0.4963457161368258	0.4981481481481481	10.642000004649162	21.0	21.284000009298325	0.0	0.0
OR10T2	0.46725127948259526	0.45703643887262135	14.107400131225585	24.200000762939453	70.53700065612793	0.0	0.0
OR10X1	0.5297964268623485	0.4980139475469251	11.996749952435493	35.0	47.986999809741974	0.0	1.0
OR10Z1	0.5882352941176471	0.5882352941176471	25.5	25.5	25.5	0.0	0.0
OR11L1	0.5187417785870918	0.5782360123536595	6.403714290687016	19.100000381469727	44.82600003480911	0.0	0.0
OR14A16	0.7702245566534944	0.7455538617886179	3.250000014901161	6.104000091552734	13.000000059604645	0.0	0.0
OR14A2	0.5644590234246258	0.5490196078431373	10.230499617755413	20.299999237060547	20.460999235510826	0.0	0.0
OR14C36	0.9925599240993159	0.9950490196078432	11.633999943733215	18.709999084472656	46.53599977493286	0.0	0.0
OR14I1	1.0	1.0	4.28399991095066	13.649999618530273	21.419999554753304	0.0	0.0
OR1C1	0.490168210885613	0.5017517517517518	5.369500041007996	6.9730000495910645	10.739000082015991	0.0	0.0
OR2AK2	1.0	1.0	16.610000610351562	16.610000610351562	16.610000610351562	0.0	0.0
OR2B11	0.4796607772288554	0.5978401977521696	11.895750064402819	24.899999618530273	47.583000257611275	0.0	0.0
OR2C3	0.684684702857018	0.8493150684931506	11.23033332824707	23.5	33.69099998474121	0.0	0.0
OR2G2	0.523964306484719	0.5048115588517286	10.027499831223395	19.209999084472656	40.10999932489358	0.0	0.0
OR2G3	0.44711092724932017	0.48504273504273504	9.825999975204468	17.40999984741211	19.651999950408936	0.0	0.0
OR2G6	1.0	1.0	0.22599999606609344	0.22599999606609344	0.22599999606609344	0.0	0.0
OR2L3	0.525	0.525	0.014000000432133675	0.014000000432133675	0.014000000432133675	0.0	0.0
OR2L8	1.0	1.0	9.761333433911204	33.0	87.85200090520084	0.0	1.0
OR2M2	1.0	1.0	7.499999940395355	13.869999885559082	14.99999988079071	0.0	0.0
OR2M3	1.0	1.0	0.47200000286102295	0.47200000286102295	0.47200000286102295	0.0	0.0
OR2M4	1.0	1.0	1.3350000381469727	1.3350000381469727	1.3350000381469727	0.0	0.0
OR2M7	1.0	1.0	12.709749817848206	19.520000457763672	50.83899927139282	0.0	0.0
OR2T1	1.0	1.0	3.747999906539917	3.747999906539917	3.747999906539917	0.0	0.0
OR2T11	1.0	1.0	4.662500023841858	6.360000133514404	9.325000047683716	0.0	0.0
OR2T12	0.9999999877392295	1.0	3.7538001028820873	12.390000343322754	18.769000514410436	0.0	0.0
OR2T27	0.347765101071273	0.4991533188212104	9.034428545406886	22.899999618530273	63.240999817848206	0.0	0.0
OR2T29	1.0	1.0	0.9779999852180481	0.9779999852180481	0.9779999852180481	0.0	0.0
OR2T33	0.9784173389525085	0.8529411764705882	5.798500016331673	15.920000076293945	23.19400006532669	0.0	0.0
OR2T34	0.21739130434782608	0.21739130434782608	0.2329999953508377	0.2329999953508377	0.2329999953508377	0.0	0.0
OR2T35	1.0	1.0	1.6509999632835388	1.6549999713897705	3.3019999265670776	0.0	0.0
OR2T5	1.0	1.0	3.9560000896453857	3.9560000896453857	3.9560000896453857	0.0	0.0
OR2T6	1.0	1.0	0.3799999952316284	0.3799999952316284	0.3799999952316284	0.0	0.0
OR2T7	0.444655905319687	0.4222893926153913	4.764428496360779	14.729999542236328	33.35099947452545	0.0	0.0
OR2T8	1.0	1.0	0.752499982714653	1.1319999694824219	1.504999965429306	0.0	0.0
OR2W3	0.5412762226395523	0.5283506369899129	8.61840000152588	15.170000076293945	43.092000007629395	0.0	0.0
OR2W5	0.5267857142857143	0.5267857142857143	1.3450000286102295	1.3450000286102295	1.3450000286102295	0.0	0.0
OR6F1	0.47179242893976925	0.4844555202017507	9.220750086009502	20.5	36.88300034403801	0.0	0.0
OR6N1	0.4444444444444444	0.4444444444444444	1.8739999532699585	1.8739999532699585	1.8739999532699585	0.0	0.0
OR6N2	0.47540983606557374	0.47540983606557374	19.719999313354492	19.719999313354492	19.719999313354492	0.0	0.0
OR6P1	0.5000228033906885	0.4990497076023392	3.3466666539510093	4.986999988555908	10.039999961853027	0.0	0.0
OR6Y1	0.35226818082847733	0.35789473684210527	12.694499731063843	19.479999542236328	25.388999462127686	0.0	0.0
OSCP1	1.0	1.0	0.7936666856209437	1.7000000476837158	2.381000056862831	0.0	0.0
OTUD3	0.5476190476190477	0.5476190476190477	18.8799991607666	18.8799991607666	18.8799991607666	0.0	0.0
OVGP1	0.5710124039380362	0.5290193238920131	2.874000107869506	8.42300033569336	11.496000431478024	0.0	0.0
P3R3URF-PIK3R3	1.0	1.0	13.19100022315979	18.43000030517578	26.38200044631958	0.0	0.0
PADI1	0.6914936388054903	0.6297562087035772	5.414666652679443	7.171999931335449	16.24399995803833	0.0	0.0
PADI2	0.5727814572600546	0.5098989239773972	3.8076000344008207	8.163000106811523	19.038000172004104	0.0	0.0
PADI3	1.0	1.0	10.520000457763672	10.520000457763672	10.520000457763672	0.0	0.0
PADI4	1.0	1.0	6.1170001796912405	17.1200008392334	30.5850008984562	0.0	0.0
PANK4	1.0	1.0	4.791499882936478	9.331999778747559	9.582999765872955	0.0	0.0
PAPPA2	0.4914093692978603	0.47657085561497325	2.9835000783205032	5.478000164031982	5.9670001566410065	0.0	0.0
PARP1	1.0	1.0	7.670000076293945	7.670000076293945	7.670000076293945	0.0	0.0
PARS2	0.6085401843938375	0.5405365566037736	6.102000057697296	12.130000114440918	12.204000115394592	0.0	0.0
PATJ	0.8563883316831693	0.65669666146887	3.6527499854564667	18.739999771118164	29.221999883651733	0.0	0.0
PBX1	0.5609756097560976	0.5609756097560976	26.399999618530273	26.399999618530273	26.399999618530273	0.0	0.0
PBXIP1	0.4444444444444444	0.4444444444444444	7.88700008392334	7.88700008392334	7.88700008392334	0.0	0.0
PCNX2	0.5674305563115589	0.5676032731933353	6.610166708628337	11.270000457763672	39.66100025177002	0.0	0.0
PCSK9	1.0	1.0	4.311750065535307	8.868000030517578	17.247000262141228	0.0	0.0
PDE4B	0.3592233009708738	0.3592233009708738	6.866000175476074	6.866000175476074	6.866000175476074	0.0	0.0
PDE4DIP	0.5061154145106183	0.5031674208144796	18.25	20.299999237060547	36.5	0.0	0.0
PDPN	1.0	1.0	6.413000106811523	6.413000106811523	6.413000106811523	0.0	0.0
PEAR1	0.8159754265156283	0.6502107983136135	9.916000366210938	19.290000915527344	29.748001098632812	0.0	0.0
PER3	0.6048675016384991	0.7471014492753624	2.7930000885389745	8.260000228881836	11.172000354155898	0.0	0.0
PERM1	0.9256046892167672	0.7620157862780813	3.2916666381061077	13.949999809265137	19.749999828636646	1.0	1.0
PEX10	0.4657534246575342	0.4657534246575342	0.017000000923871994	0.017000000923871994	0.017000000923871994	0.0	0.0
PEX14	0.4264705882352941	0.4264705882352941	5.303999900817871	5.303999900817871	5.303999900817871	0.0	0.0
PFKFB2	0.5277777777777778	0.5277777777777778	8.354000091552734	8.354000091552734	8.354000091552734	0.0	0.0
PGLYRP3	0.45652173913043476	0.45652173913043476	24.299999237060547	24.299999237060547	24.299999237060547	0.0	0.0
PGLYRP4	1.0	1.0	7.983500003814697	11.119999885559082	15.967000007629395	0.0	0.0
PGM1	0.5555555555555556	0.5555555555555556	23.399999618530273	23.399999618530273	23.399999618530273	0.0	0.0
PHACTR4	0.4713375796178344	0.4713375796178344	10.720000267028809	10.720000267028809	10.720000267028809	0.0	0.0
PHC2	0.5920512020714658	0.6569200779727096	12.737666924794516	16.760000228881836	38.213000774383545	0.0	0.0
PHGDH	0.5029239766081871	0.5029239766081871	0.2709999978542328	0.2709999978542328	0.2709999978542328	0.0	0.0
PI4KB	0.4722222222222222	0.4722222222222222	7.76800012588501	7.76800012588501	7.76800012588501	0.0	0.0
PIGC	0.5652173913043478	0.5652173913043478	8.843000411987305	8.843000411987305	8.843000411987305	0.0	0.0
PIGK	1.0	1.0	8.529000282287598	8.529000282287598	8.529000282287598	0.0	0.0
PIGR	0.5014815535921506	0.5164233576642336	9.754999577999115	18.6299991607666	19.50999915599823	0.0	0.0
PIK3C2B	0.6745926544187595	0.7330617495711835	3.793250013142824	8.348999977111816	15.173000052571297	0.0	0.0
PIK3CD	0.47376835335756096	0.4795153887688985	11.493999481201172	17.6299991607666	22.987998962402344	0.0	0.0
PINK1	0.7037037037037037	0.7037037037037037	16.93000030517578	16.93000030517578	16.93000030517578	0.0	0.0
PIP5K1A	0.6521739130434783	0.6521739130434783	1.2120000123977661	1.2120000123977661	1.2120000123977661	0.0	0.0
PKLR	0.41304347826086957	0.41304347826086957	8.920999526977539	8.920999526977539	8.920999526977539	0.0	0.0
PKN2	0.4585635359116022	0.4585635359116022	7.109000205993652	7.109000205993652	7.109000205993652	0.0	0.0
PKP1	0.4585442967846023	0.4994594594594594	5.978799962997437	13.859999656677246	29.893999814987183	0.0	0.0
PLA2G2A	0.5015473032487302	0.5043103448275862	2.3205000460147858	3.808000087738037	4.6410000920295715	0.0	0.0
PLA2G2C	0.46153846153846156	0.46153846153846156	7.191999912261963	7.191999912261963	7.191999912261963	0.0	0.0
PLA2G2D	0.45588235294117646	0.45588235294117646	0.3179999887943268	0.3179999887943268	0.3179999887943268	0.0	0.0
PLA2G4A	1.0	1.0	18.190000534057617	18.190000534057617	18.190000534057617	0.0	0.0
PLA2G5	0.44666666666666666	0.44666666666666666	7.485000133514404	7.485000133514404	7.485000133514404	0.0	0.0
PLCH2	0.5163398692810458	0.5163398692810458	0.3799999952316284	0.3799999952316284	0.3799999952316284	0.0	0.0
PLEKHG5	0.4922091893343763	0.4690398488491927	3.99399995803833	7.86299991607666	7.98799991607666	0.0	0.0
PLEKHM2	0.9975894956457708	0.9968253968253968	9.587666471799215	20.299999237060547	28.762999415397644	0.0	0.0
PLEKHN1	0.4700553462836138	0.4771367800888579	6.484666665395101	7.86299991607666	19.453999996185303	0.0	0.0
PLK3	0.45161290322580644	0.45161290322580644	0.16899999976158142	0.16899999976158142	0.16899999976158142	0.0	0.0
PLOD1	0.49267911650385143	0.4872770577157417	12.31000026067098	16.540000915527344	36.93000078201294	0.0	0.0
PLXNA2	0.5012984539509522	0.4863672814755413	9.694666981697083	20.200000762939453	29.084000945091248	0.0	0.0
PM20D1	0.9678637131106707	0.6374550590652285	4.822333226601283	13.609999656677246	14.466999679803848	0.0	0.0
PMF1	0.45495308295697257	0.4522058823529412	16.299999713897705	16.8799991607666	32.59999942779541	0.0	0.0
PODN	1.0	1.0	11.851999759674072	14.149999618530273	23.703999519348145	0.0	0.0
POMGNT1	1.0	1.0	18.030000686645508	18.030000686645508	18.030000686645508	0.0	0.0
PPFIA4	0.769639517426269	0.732081868192646	12.000200092792511	23.600000381469727	60.001000463962555	0.0	0.0
PPM1J	0.702610318340566	0.7410714285714286	16.089999675750732	18.479999542236328	32.179999351501465	0.0	0.0
PPP2R5A	1.0	1.0	11.350000381469727	11.350000381469727	11.350000381469727	0.0	0.0
PRAMEF1	0.2	0.2	0.7289999723434448	0.7289999723434448	0.7289999723434448	0.0	0.0
PRAMEF10	0.6682780042638152	0.8222222222222223	1.1446666539025803	3.4149999618530273	3.433999961707741	0.0	0.0
PRAMEF11	0.5	0.5	1.2599999904632568	1.2599999904632568	1.2599999904632568	0.0	0.0
PRAMEF15	0.36666666666666664	0.36666666666666664	3.117000102996826	3.117000102996826	3.117000102996826	0.0	0.0
PRAMEF18	0.5445126035720134	0.6873893370057054	2.9662856507514204	14.729999542236328	20.763999555259943	0.0	0.0
PRAMEF19	1.0	1.0	1.81850004196167	1.8530000448226929	3.63700008392334	0.0	0.0
PRAMEF27	0.4289981869266492	0.6333333333333333	6.248666532337666	13.6899995803833	18.745999597012997	0.0	0.0
PRAMEF4	0.75	0.75	2.815000057220459	2.815000057220459	2.815000057220459	0.0	0.0
PRAMEF7	0.5206085457419989	0.5333333333333333	7.964333256085713	18.0	23.89299976825714	0.0	0.0
PRDM16	1.0	1.0	13.979999542236328	13.979999542236328	13.979999542236328	0.0	0.0
PRDM2	1.0	1.0	0.3700000047683716	0.3700000047683716	0.3700000047683716	0.0	0.0
PRELP	0.4896265560165975	0.4896265560165975	14.380000114440918	14.380000114440918	14.380000114440918	0.0	0.0
PRG4	0.4121026180922825	0.4346331041590744	9.077250137925148	27.200000762939453	36.30900055170059	0.0	0.0
PRKAA2	0.5412101039594763	0.5241935483870968	5.6700000166893005	9.657999992370605	11.340000033378601	0.0	0.0
PRKCZ	0.4611518022385497	0.45359848484848486	0.4220000058412552	0.6200000047683716	0.8440000116825104	0.0	0.0
PRRC2C	1.0	1.0	8.658833175897598	18.90999984741211	51.95299905538559	0.0	0.0
PRSS38	1.0	1.0	2.6589999198913574	2.6589999198913574	2.6589999198913574	0.0	0.0
PRUNE1	1.0	1.0	4.807000160217285	4.807000160217285	4.807000160217285	0.0	0.0
PSEN2	0.4549628517843615	0.6214285714285714	2.192000032713016	5.361000061035156	6.576000098139048	0.0	0.0
PSMB4	0.445877339820386	0.47851841278903795	15.36650037765503	24.700000762939453	30.73300075531006	0.0	0.0
PSMD4	0.43820224719101125	0.43820224719101125	1.9479999542236328	1.9479999542236328	1.9479999542236328	0.0	0.0
PTCH2	1.0	1.0	5.828500032424927	10.670000076293945	11.657000064849854	0.0	0.0
PTGFRN	0.5531914893617021	0.5531914893617021	8.687000155448914	17.18000030517578	17.374000310897827	0.0	0.0
PTGS2	0.39705882352941174	0.39705882352941174	7.452000141143799	7.452000141143799	7.452000141143799	0.0	0.0
PTPN14	1.0	1.0	4.4649999141693115	5.193999767303467	8.929999828338623	0.0	0.0
PTPN22	1.0	1.0	15.539999961853027	15.539999961853027	15.539999961853027	0.0	0.0
PTPRF	1.0	1.0	3.6926000475883485	9.857000350952148	18.463000237941742	0.0	0.0
PYCR2	0.4484371886664502	0.43481182795698925	6.7184998989105225	8.24899959564209	13.436999797821045	0.0	0.0
QSOX1	1.0	1.0	0.9200000166893005	0.9200000166893005	0.9200000166893005	0.0	0.0
RABGGTB	1.0	1.0	9.883999824523926	9.883999824523926	9.883999824523926	0.0	0.0
RAP1GAP	1.0	1.0	1.5180000066757202	1.5180000066757202	1.5180000066757202	0.0	0.0
RASSF5	1.0	1.0	5.823999881744385	5.823999881744385	5.823999881744385	0.0	0.0
RBBP4	1.0	1.0	6.0329999923706055	6.0329999923706055	6.0329999923706055	0.0	0.0
RBM15	0.4263565891472868	0.4263565891472868	13.699999809265137	13.699999809265137	13.699999809265137	0.0	0.0
RCAN3	0.40476190476190477	0.40476190476190477	0.06800000369548798	0.06800000369548798	0.06800000369548798	0.0	0.0
RCC2	1.0	1.0	11.680000305175781	11.680000305175781	11.680000305175781	0.0	0.0
RERE	1.0	1.0	0.3385000069392845	1.3220000267028809	1.354000027757138	0.0	0.0
RFX5	1.0	1.0	3.1029999256134033	3.1029999256134033	3.1029999256134033	0.0	0.0
RGS16	1.0	1.0	13.699999809265137	13.699999809265137	13.699999809265137	0.0	0.0
RGSL1	0.5360149052627016	0.5023269513991163	3.4969999943859875	6.986999988555908	6.993999988771975	0.0	0.0
RHBG	0.5310474239912507	0.5307787845778043	27.324999809265137	32.0	109.29999923706055	1.0	0.0
RHCE	0.5323383084577115	0.5323383084577115	2.884999990463257	2.884999990463257	2.884999990463257	0.0	0.0
RIMKLA	0.4961832061068702	0.4961832061068702	0.9179999828338623	0.9179999828338623	0.9179999828338623	0.0	0.0
RIT1	0.4490566037735849	0.4490566037735849	9.319000244140625	9.319000244140625	9.319000244140625	0.0	0.0
RNF186	0.41353383458646614	0.41353383458646614	8.371000289916992	8.371000289916992	8.371000289916992	0.0	0.0
RNF187	0.5714285714285714	0.5714285714285714	11.34000015258789	11.34000015258789	11.34000015258789	0.0	0.0
RNF19B	1.0	1.0	14.710000038146973	14.710000038146973	14.710000038146973	0.0	0.0
RNF207	0.9893499724594765	0.9907407407407407	0.3695000112056732	0.42500001192092896	0.7390000224113464	0.0	0.0
RNF223	0.43402985931272636	0.45437158469945355	0.6645000204443932	1.3070000410079956	1.3290000408887863	0.0	0.0
RNPC3	0.3880597014925373	0.3880597014925373	8.560999870300293	8.560999870300293	8.560999870300293	0.0	0.0
RNPEP	0.5490879531540079	0.5968454062000255	13.218000108003617	26.600000381469727	66.09000054001808	0.0	0.0
RO60	0.36923076923076925	0.36923076923076925	10.399999618530273	10.399999618530273	10.399999618530273	0.0	0.0
ROR1	1.0	1.0	0.4169999957084656	0.4440000057220459	0.8339999914169312	0.0	0.0
RPF1	0.5526315789473685	0.5526315789473685	3.2109999656677246	3.2109999656677246	3.2109999656677246	0.0	0.0
RPS6KA1	0.9937572915455372	0.8259958071278826	5.128666793306668	13.0600004196167	15.386000379920006	0.0	0.0
RPTN	0.5354330708661418	0.5354330708661418	10.34000015258789	10.34000015258789	10.34000015258789	0.0	0.0
RRAGC	0.41284403669724773	0.41284403669724773	8.673999786376953	8.673999786376953	8.673999786376953	0.0	0.0
RRNAD1	1.0	1.0	14.829999923706055	14.829999923706055	14.829999923706055	0.0	0.0
RSC1A1	1.0	1.0	16.170000076293945	16.170000076293945	16.170000076293945	0.0	0.0
RSPO1	0.5373134328358209	0.5373134328358209	24.100000381469727	24.100000381469727	24.100000381469727	0.0	0.0
RSRP1	0.512396694214876	0.512396694214876	14.920000076293945	14.920000076293945	14.920000076293945	0.0	0.0
RUNX3	0.4749999940395355	0.4749999940395355	24.0	24.0	24.0	0.0	0.0
RUSC1	1.0	1.0	11.229999542236328	11.229999542236328	11.229999542236328	0.0	0.0
RWDD3	0.5202526238885528	0.7532894736842105	2.111000008881092	4.105000019073486	4.222000017762184	0.0	0.0
RXFP4	1.0	1.0	2.994999885559082	2.994999885559082	2.994999885559082	0.0	0.0
RYR2	0.5385936744758669	0.8521927016645326	2.816124981502071	15.210000038146973	22.528999852016568	0.0	0.0
S100A7	1.0	1.0	0.6370000243186951	0.6370000243186951	0.6370000243186951	0.0	0.0
S100A7A	0.4473684210526316	0.4473684210526316	0.04699999839067459	0.04699999839067459	0.04699999839067459	0.0	0.0
SAMD11	1.0	1.0	11.166500091552734	15.050000190734863	22.33300018310547	0.0	0.0
SASS6	0.4928571428571429	0.4928571428571429	15.369999885559082	15.369999885559082	15.369999885559082	0.0	0.0
SCAMP3	0.5194805194805194	0.5194805194805194	3.367000102996826	3.367000102996826	3.367000102996826	0.0	0.0
SCNN1D	0.4789915966386555	0.4789915966386555	0.004999999888241291	0.004999999888241291	0.004999999888241291	0.0	0.0
SCYL3	0.5607476635514018	0.5607476635514018	0.296999990940094	0.296999990940094	0.296999990940094	0.0	0.0
SDCCAG8	0.5033437771470882	0.4842017738359202	11.468999862670898	15.65999984741211	22.937999725341797	0.0	0.0
SDF4	1.0	1.0	1.0670000314712524	1.0670000314712524	1.0670000314712524	0.0	0.0
SDHB	0.9920634920634921	0.9920634920634921	2.0959999561309814	2.0959999561309814	2.0959999561309814	0.0	0.0
SEC16B	1.0	1.0	0.9580000042915344	0.9580000042915344	0.9580000042915344	0.0	0.0
SELE	0.5853658536585366	0.5853658536585366	0.3140000104904175	0.3140000104904175	0.3140000104904175	0.0	0.0
SELENON	1.0	1.0	12.380666732788086	14.399999618530273	37.14200019836426	0.0	0.0
SELL	0.45652173913043476	0.45652173913043476	19.93000030517578	19.93000030517578	19.93000030517578	0.0	0.0
SELP	0.5179885507378388	0.5130439735702894	3.7410000562667847	4.276000022888184	7.482000112533569	0.0	0.0
SEMA4A	1.0	1.0	12.1899995803833	12.1899995803833	12.1899995803833	0.0	0.0
SEMA6C	1.0	1.0	11.377500295639038	18.350000381469727	22.755000591278076	0.0	0.0
SERINC2	0.786493102294381	0.75	8.98800015449524	10.300000190734863	17.97600030899048	0.0	0.0
SH2D1B	0.4387755102040816	0.4387755102040816	17.139999389648438	17.139999389648438	17.139999389648438	1.0	0.0
SH2D5	0.4663677130044843	0.4663677130044843	2.865999937057495	2.865999937057495	2.865999937057495	0.0	0.0
SH3D21	0.4148264984227129	0.4148264984227129	3.2190001010894775	3.2190001010894775	3.2190001010894775	0.0	0.0
SHE	1.0	1.0	10.819999694824219	10.819999694824219	10.819999694824219	0.0	0.0
SHISA4	0.4491525423728814	0.4491525423728814	16.399999618530273	16.399999618530273	16.399999618530273	0.0	0.0
SIPA1L2	0.6033674530283415	0.6903149921801285	5.384400033950806	12.1899995803833	26.92200016975403	0.0	0.0
SLAMF1	0.5287356321839081	0.5287356321839081	0.968999981880188	0.968999981880188	0.968999981880188	0.0	0.0
SLAMF9	1.0	1.0	4.688000202178955	4.688000202178955	4.688000202178955	0.0	0.0
SLC16A1	1.0	1.0	1.277999997138977	1.277999997138977	1.277999997138977	0.0	0.0
SLC1A7	0.8821170900985732	0.8631963942662924	5.410999926738441	17.06999969482422	21.643999706953764	0.0	0.0
SLC22A15	1.0	1.0	7.758999824523926	9.161999702453613	15.517999649047852	0.0	0.0
SLC26A9	0.5853658536585366	0.5853658536585366	0.04399999976158142	0.04399999976158142	0.04399999976158142	0.0	0.0
SLC35E2A	0.6844919786096256	0.6844919786096256	0.09799999743700027	0.09799999743700027	0.09799999743700027	0.0	0.0
SLC35E2B	0.31297857604499807	0.4450956067930017	7.157499939203262	14.119999885559082	14.314999878406525	0.0	0.0
SLC35F3	0.5454545454545454	0.5454545454545454	3.2179999351501465	3.2179999351501465	3.2179999351501465	0.0	0.0
SLC44A3	1.0	1.0	15.1899995803833	15.1899995803833	15.1899995803833	0.0	0.0
SLC44A5	0.6385489819391504	0.7622549019607843	4.663499913178384	13.649999618530273	18.653999652713537	0.0	0.0
SLC45A1	1.0	1.0	0.014999999664723873	0.014999999664723873	0.014999999664723873	0.0	0.0
SLC5A9	0.5828011111075393	0.5978077982623438	17.544749915599823	35.0	70.17899966239929	0.0	1.0
SLC66A1	0.6170212765957447	0.6170212765957447	0.8550000190734863	0.8550000190734863	0.8550000190734863	0.0	0.0
SLC6A17	0.5	0.5	11.25	11.25	11.25	0.0	0.0
SLC9A1	1.0	1.0	4.0229997634887695	4.0229997634887695	4.0229997634887695	0.0	0.0
SLFNL1	0.453125	0.453125	7.489999771118164	7.489999771118164	7.489999771118164	0.0	0.0
SMAP2	1.0	1.0	0.4569999873638153	0.4569999873638153	0.4569999873638153	0.0	0.0
SMG7	0.5245825198222077	0.6973684210526316	13.876999616622925	21.799999237060547	27.75399923324585	0.0	0.0
SMPDL3B	0.43103448275862066	0.43103448275862066	0.27000001072883606	0.27000001072883606	0.27000001072883606	0.0	0.0
SMYD2	1.0	1.0	13.630000114440918	13.630000114440918	13.630000114440918	0.0	0.0
SMYD3	0.6551585555855758	0.7931265782828283	13.66266636053721	23.299999237060547	40.98799908161163	0.0	0.0
SNAP47	0.543638789472384	0.5441050528118755	12.994999885559082	14.40999984741211	25.989999771118164	0.0	0.0
SNX7	0.8643040291044515	0.8359788359788359	5.200000047683716	7.933000087738037	15.600000143051147	0.0	0.0
SOAT1	0.5170454545454546	0.5170454545454546	3.9000000953674316	3.9000000953674316	3.9000000953674316	0.0	0.0
SORT1	1.0	1.0	9.132999897003174	9.321000099182129	18.265999794006348	0.0	0.0
SPAG17	0.4533807071360421	0.5249555242755746	9.897800062596797	26.0	98.97800062596798	0.0	0.0
SPATA1	0.4596558575041162	0.4630718954248366	11.385499715805054	16.559999465942383	22.770999431610107	0.0	0.0
SPATA17	1.0	1.0	0.859000027179718	0.859000027179718	0.859000027179718	0.0	0.0
SPATA21	0.4525274699068888	0.4492211635393971	8.992499947547913	16.079999923706055	17.984999895095825	0.0	0.0
SPATA45	1.0	1.0	0.0020000000949949026	0.0020000000949949026	0.0020000000949949026	0.0	0.0
SPATA46	1.0	1.0	0.6800000052899122	1.3140000104904175	1.3600000105798244	0.0	0.0
SPATA6	0.4756554307116105	0.4756554307116105	25.399999618530273	25.399999618530273	25.399999618530273	0.0	0.0
SPEN	0.8190108031263978	0.8478964401294498	9.35366678237915	11.130000114440918	28.06100034713745	0.0	0.0
SPOCD1	0.6267607437913917	0.803921568627451	7.286499947309494	13.869999885559082	14.572999894618988	0.0	0.0
SPRR1A	1.0	1.0	8.749500036239624	9.848999977111816	17.499000072479248	0.0	0.0
SPRR1B	1.0	1.0	1.9540000359217327	3.9070000648498535	5.862000107765198	0.0	0.0
SPRR2A	1.0	1.0	6.0289998054504395	6.0289998054504395	6.0289998054504395	0.0	0.0
SPRR3	1.0	1.0	0.2809999908010165	0.5759999752044678	0.8429999724030495	0.0	0.0
SPRR4	1.0	1.0	3.4079999923706055	3.4079999923706055	3.4079999923706055	0.0	0.0
SPRTN	0.5210084033613446	0.5210084033613446	6.710000038146973	6.710000038146973	6.710000038146973	0.0	0.0
SPSB1	0.5406976744186046	0.5406976744186046	7.889999866485596	7.889999866485596	7.889999866485596	0.0	0.0
SPTA1	0.5997069257634785	0.6252466640661309	5.482400032877922	14.539999961853027	54.82400032877922	0.0	0.0
SRGAP2	0.5074130186959134	0.5087535014005602	9.747499942779541	10.380000114440918	19.494999885559082	0.0	0.0
SRGAP2C	1.0	1.0	17.450000762939453	17.450000762939453	17.450000762939453	0.0	0.0
SRM	1.0	1.0	13.119999885559082	13.119999885559082	13.119999885559082	0.0	0.0
SRSF4	1.0	1.0	8.196999867757162	15.569999694824219	24.590999603271484	0.0	0.0
SSU72	0.4583333333333333	0.4583333333333333	0.039000000804662704	0.039000000804662704	0.039000000804662704	0.0	0.0
SSX2IP	1.0	1.0	6.810499828308821	13.609999656677246	13.620999656617641	0.0	0.0
ST3GAL3	1.0	1.0	2.2980000972747803	2.2980000972747803	2.2980000972747803	0.0	0.0
ST7L	0.48201438848920863	0.48201438848920863	27.100000381469727	27.100000381469727	27.100000381469727	0.0	0.0
STIL	1.0	1.0	1.1109999418258667	1.1109999418258667	1.1109999418258667	0.0	0.0
STK40	0.59	0.59	4.959000110626221	4.959000110626221	4.959000110626221	0.0	0.0
STPG1	1.0	1.0	4.419333476573229	11.8100004196167	13.258000429719687	0.0	0.0
STXBP3	0.3924731182795699	0.3924731182795699	8.180999755859375	8.180999755859375	8.180999755859375	0.0	0.0
STYXL2	0.6005291969012958	0.5702380952380952	5.520499983802438	10.069999694824219	22.08199993520975	0.0	0.0
SWT1	0.49206349206349204	0.49206349206349204	6.791999816894531	6.791999816894531	6.791999816894531	0.0	0.0
SYDE2	1.0	1.0	1.0266666809717815	1.218999981880188	3.0800000429153442	0.0	0.0
SYNC	1.0	1.0	8.635999541729689	17.209999084472656	17.271999083459377	0.0	0.0
SYPL2	0.47577092511013214	0.47577092511013214	17.68000030517578	17.68000030517578	17.68000030517578	0.0	0.0
SYT11	1.0	1.0	7.306499898433685	13.489999771118164	14.61299979686737	0.0	0.0
SYT2	0.6757371045798085	0.6539115646258503	7.884999752044678	9.675999641418457	15.769999504089355	0.0	0.0
SYT6	0.5084745762711864	0.5084745762711864	23.100000381469727	23.100000381469727	23.100000381469727	0.0	0.0
SYTL1	1.0	1.0	9.709499835968018	13.90999984741211	19.418999671936035	0.0	0.0
TAF1A	0.4855072463768116	0.4855072463768116	6.355000019073486	6.355000019073486	6.355000019073486	0.0	0.0
TAF5L	1.0	1.0	0.5796666542689005	0.9879999756813049	1.7389999628067017	0.0	0.0
TAFA3	0.48148148148148145	0.48148148148148145	1.1460000276565552	1.1460000276565552	1.1460000276565552	0.0	0.0
TARBP1	0.4767508034441038	0.7783321545682504	2.2230000510811805	5.696000099182129	11.115000255405903	0.0	0.0
TAS1R1	1.0	1.0	1.9930000305175781	1.9930000305175781	1.9930000305175781	0.0	0.0
TAS1R2	0.9501375446498246	0.6162790697674418	2.6165000647306442	4.89300012588501	5.2330001294612885	0.0	0.0
TAS1R3	1.0	1.0	1.031999945640564	1.031999945640564	1.031999945640564	0.0	0.0
TBX15	0.4161463850291689	0.4272017045454546	15.958500385284424	25.700000762939453	31.917000770568848	0.0	0.0
TCHH	0.8107536029351068	0.6530231829573935	7.9512501610443	17.270000457763672	31.8050006441772	0.0	0.0
TCTEX1D1	1.0	1.0	1.8650000095367432	1.8650000095367432	1.8650000095367432	0.0	0.0
TCTEX1D4	1.0	1.0	8.800999641418457	8.800999641418457	8.800999641418457	0.0	0.0
TDRD10	1.0	1.0	4.449499770998955	8.604999542236328	8.89899954199791	0.0	0.0
TDRD5	0.567085792496251	0.7548262548262548	12.742499947547913	22.5	25.484999895095825	0.0	0.0
TDRKH	0.4126984126984127	0.4126984126984127	10.319999694824219	10.319999694824219	10.319999694824219	0.0	0.0
TEDDM1	0.39194100029100787	0.6942148760330579	5.486499924212694	10.90999984741211	10.972999848425388	0.0	0.0
TEKT2	1.0	1.0	0.6119999885559082	0.6119999885559082	0.6119999885559082	0.0	0.0
TENT5C	0.5217391304347826	0.5217391304347826	11.010000228881836	11.010000228881836	11.010000228881836	0.0	0.0
TEX35	0.5687471614680057	0.7807692307692308	8.636999890208244	16.989999771118164	17.27399978041649	0.0	0.0
TEX38	0.43631113026570895	0.4639811542991755	8.236000001430511	16.0	16.472000002861023	0.0	0.0
TFB2M	0.4554046913221824	0.4493054115695625	3.6010000705718994	4.243000030517578	7.202000141143799	0.0	0.0
TGFBR3	0.8930988517478882	0.6752610441767067	4.154666657249133	10.039999961853027	12.463999971747398	0.0	0.0
THEM4	0.9993877622352048	0.8386243386243386	2.108666643189887	6.000999927520752	6.325999929569662	0.0	0.0
THEM5	1.0	1.0	6.476333459218343	15.770000457763672	19.42900037765503	0.0	0.0
THEMIS2	0.4813910140712146	0.4858515057113188	5.437000048657258	11.680000305175781	16.311000145971775	0.0	0.0
THRAP3	0.49166666666666664	0.49166666666666664	14.369999885559082	14.369999885559082	14.369999885559082	0.0	0.0
TIE1	1.0	1.0	0.26499998569488525	0.26499998569488525	0.26499998569488525	0.0	0.0
TLR5	0.3839415607652425	0.4673266045548654	6.420500076317694	12.84000015258789	12.841000152635388	0.0	0.0
TMCO4	0.6117847987388871	0.8287037037037037	5.2640001227458315	11.930000305175781	15.792000368237495	0.0	0.0
TMED5	1.0	1.0	26.399999618530273	26.399999618530273	26.399999618530273	0.0	0.0
TMEM201	0.6170212765957447	0.6170212765957447	0.4959999918937683	0.4959999918937683	0.4959999918937683	0.0	0.0
TMEM51	0.4557823129251701	0.4557823129251701	2.1489999294281006	2.1489999294281006	2.1489999294281006	0.0	0.0
TMEM52	0.5478260869565217	0.5478260869565217	9.600000381469727	9.600000381469727	9.600000381469727	0.0	0.0
TMEM61	1.0	1.0	4.51200008392334	4.51200008392334	4.51200008392334	0.0	0.0
TMEM63A	0.4507042253521127	0.4507042253521127	14.199999809265137	14.199999809265137	14.199999809265137	0.0	0.0
TMEM81	1.0	1.0	9.986999750137329	14.479999542236328	19.973999500274658	0.0	0.0
TMEM82	0.5789473684210527	0.5789473684210527	1.8229999542236328	1.8229999542236328	1.8229999542236328	0.0	0.0
TMEM88B	0.5454545454545454	0.5454545454545454	7.00600004196167	7.00600004196167	7.00600004196167	0.0	0.0
TMEM9	0.9136023410827986	0.763157894736842	6.146000146865845	10.050000190734863	12.29200029373169	0.0	0.0
TNFRSF14	1.0	1.0	7.605999946594238	7.605999946594238	7.605999946594238	0.0	0.0
TNFRSF25	0.3939393939393939	0.3939393939393939	6.980999946594238	6.980999946594238	6.980999946594238	0.0	0.0
TNFRSF8	0.46	0.46	0.04800000041723251	0.04800000041723251	0.04800000041723251	0.0	0.0
TNN	0.41666938928443015	0.5366808584134032	7.21800009906292	18.68000030517578	43.30800059437752	0.0	0.0
TNR	0.5592456918983947	0.6290235359459839	6.10962500423193	15.600000381469727	48.87700003385544	0.0	0.0
TOR1AIP1	0.8116875105798128	0.7265625	6.615500211715698	8.675000190734863	13.231000423431396	0.0	0.0
TOR3A	1.0	1.0	0.3409999907016754	0.3409999907016754	0.3409999907016754	0.0	0.0
TP73	0.5584281148866572	0.6068568568568569	2.8573999881744383	7.709000110626221	14.286999940872192	0.0	0.0
TPR	0.46675311506173073	0.4667187042569971	24.299999872843426	25.299999237060547	72.89999961853027	0.0	0.0
TRAF3IP3	0.45966305137641184	0.4687939256788644	9.770666599273682	17.079999923706055	29.311999797821045	0.0	0.0
TRIM33	0.8220263150321693	0.7606382978723405	13.920000076293945	17.489999771118164	27.84000015258789	0.0	0.0
TRIM45	0.4609265309716194	0.4612485276796231	8.44700026512146	8.949000358581543	16.89400053024292	0.0	0.0
TRIM46	1.0	1.0	0.9380000233650208	0.9380000233650208	0.9380000233650208	0.0	0.0
TRIM58	0.49388324406527007	0.5811182547859663	8.234399965405464	19.3799991607666	41.17199982702732	0.0	0.0
TRIM62	0.42197437027679885	0.4175141242937853	11.118499755859375	13.949999809265137	22.23699951171875	0.0	0.0
TRIM63	0.5168539325842697	0.5168539325842697	6.570000171661377	6.570000171661377	6.570000171661377	0.0	0.0
TRMT13	1.0	1.0	22.0	22.700000762939453	44.0	0.0	0.0
TRNP1	1.0	1.0	16.229999542236328	16.229999542236328	16.229999542236328	0.0	0.0
TSEN15	0.47860348833831057	0.4816417589506504	19.524999618530273	20.799999237060547	39.04999923706055	0.0	0.0
TSHB	1.0	1.0	2.687999963760376	2.687999963760376	2.687999963760376	0.0	0.0
TTC13	0.5454545454545454	0.5454545454545454	7.118000030517578	7.118000030517578	7.118000030517578	0.0	0.0
TTC22	0.4771053202927738	0.5751641074028419	17.932999849319458	27.299999237060547	71.73199939727783	0.0	0.0
TTC24	1.0	1.0	8.585000455379486	16.540000915527344	17.170000910758972	0.0	0.0
TTC34	0.8649151610657511	0.7777777777777778	5.075000047683716	7.065000057220459	10.150000095367432	0.0	0.0
TTC39A	0.42094807533254214	0.421002538071066	7.601999998092651	7.611000061035156	15.203999996185303	0.0	0.0
TTC4	0.4642857142857143	0.4642857142857143	19.969999313354492	19.969999313354492	19.969999313354492	0.0	0.0
TTF2	1.0	1.0	6.442500054836273	11.130000114440918	12.885000109672546	0.0	0.0
TUT4	0.4581673306772908	0.4581673306772908	0.1679999977350235	0.1679999977350235	0.1679999977350235	0.0	0.0
TYW3	0.42857142857142855	0.42857142857142855	8.907999992370605	8.907999992370605	8.907999992370605	0.0	0.0
UBE2T	1.0	1.0	5.841000080108643	5.841000080108643	5.841000080108643	0.0	0.0
UBQLN4	0.5448560815118705	0.625	12.241000413894653	16.950000762939453	24.482000827789307	0.0	0.0
UBXN11	0.5213175954854117	0.49100127253088754	0.641000010073185	1.7330000400543213	2.56400004029274	0.0	0.0
UQCRHL	0.8951878271918665	0.827127659574468	9.272666613260904	18.229999542236328	27.817999839782715	0.0	0.0
URB2	1.0	1.0	4.644999831914902	9.109999656677246	9.289999663829803	0.0	0.0
USH2A	0.7308399972300101	0.616061778632822	7.174181756288321	15.359999656677246	78.91599931917153	0.0	0.0
USP24	0.9983618629207536	0.998062015503876	17.579999446868896	20.299999237060547	35.15999889373779	0.0	0.0
USP33	1.0	1.0	7.726500153541565	12.970000267028809	15.45300030708313	0.0	0.0
USP48	0.40625	0.40625	13.010000228881836	13.010000228881836	13.010000228881836	0.0	0.0
UTP25	0.5000210129462531	0.5022045855379189	8.078499961644411	16.079999923706055	16.156999923288822	0.0	0.0
UTS2	0.43412867880996076	0.45441176470588235	7.598333438237508	12.970000267028809	22.795000314712524	0.0	0.0
VANGL2	0.45528455284552843	0.45528455284552843	11.100000381469727	11.100000381469727	11.100000381469727	0.0	0.0
VAV3	1.0	1.0	16.81999969482422	20.899999618530273	50.459999084472656	0.0	0.0
VCAM1	0.9948453608247423	0.9948453608247423	4.383999824523926	4.383999824523926	4.383999824523926	0.0	0.0
VN1R5	0.534450541837902	0.4822705518711589	5.106000125408173	13.850000381469727	15.318000376224518	0.0	0.0
VPS13D	0.45048395657368706	0.4806179775280899	11.894000187516212	23.600000381469727	23.788000375032425	0.0	0.0
VWA5B1	0.8291935958020131	0.6789510000635538	15.460799704119562	26.899999618530273	77.30399852059782	0.0	0.0
WDR3	0.4714285714285714	0.4714285714285714	24.799999237060547	24.799999237060547	24.799999237060547	0.0	0.0
WDR64	0.4452260427081931	0.6278623471246422	12.992666259407997	21.899999618530273	38.97799877822399	0.0	0.0
WLS	1.0	1.0	18.950000762939453	18.950000762939453	18.950000762939453	0.0	0.0
WNT2B	0.4585152838427948	0.4585152838427948	7.4770002365112305	7.4770002365112305	7.4770002365112305	0.0	0.0
WNT9A	0.40350877192982454	0.40350877192982454	0.9959999918937683	0.9959999918937683	0.9959999918937683	0.0	0.0
WRAP73	1.0	1.0	0.7450000047683716	0.7450000047683716	0.7450000047683716	0.0	0.0
YY1AP1	0.4462809917355372	0.4462809917355372	19.290000915527344	19.290000915527344	19.290000915527344	0.0	0.0
ZBED6	0.49345360217090634	0.4881944444444445	20.324999809265137	23.600000381469727	40.64999961853027	0.0	0.0
ZBTB17	0.4962962962962963	0.4962962962962963	4.9079999923706055	4.9079999923706055	4.9079999923706055	0.0	0.0
ZBTB40	1.0	1.0	17.040000915527344	17.040000915527344	17.040000915527344	0.0	0.0
ZBTB41	0.4664179104477612	0.4664179104477612	23.5	23.5	23.5	0.0	0.0
ZBTB7B	0.49297061562117617	0.5006185155626497	4.719499941915274	9.369999885559082	9.438999883830547	0.0	0.0
ZC3H11A	0.7589934230092302	0.7	9.418000221252441	11.270000457763672	18.836000442504883	0.0	0.0
ZFP69B	0.55625	0.55625	1.3730000257492065	1.3730000257492065	1.3730000257492065	0.0	0.0
ZMYM1	1.0	1.0	0.6209999918937683	0.6209999918937683	0.6209999918937683	0.0	0.0
ZNF326	0.4752505055336421	0.3903318903318903	1.7685000002384186	3.2039999961853027	3.537000000476837	0.0	0.0
ZNF436	1.0	1.0	5.2820000648498535	5.2820000648498535	5.2820000648498535	0.0	0.0
ZNF593	0.4785276073619632	0.4785276073619632	13.930000305175781	13.930000305175781	13.930000305175781	0.0	0.0
ZNF669	0.5789473684210527	0.5789473684210527	5.415999889373779	5.415999889373779	5.415999889373779	0.0	0.0
ZNF683	0.44996856968594523	0.7236842105263158	11.052000001072884	22.0	22.104000002145767	0.0	0.0
ZNF695	1.0	1.0	4.232333287596703	6.633999824523926	12.696999862790108	0.0	0.0
ZNF697	0.5524403729824191	0.5397841977027498	3.6254999563097954	7.11299991607666	7.250999912619591	0.0	0.0
ZSCAN20	1.0	1.0	14.289999961853027	14.289999961853027	14.289999961853027	0.0	0.0
ZSWIM5	0.649331995046118	0.782051282051282	15.28950023651123	24.600000381469727	30.57900047302246	0.0	0.0
ZYG11A	1.0	1.0	0.4729999899864197	0.4729999899864197	0.4729999899864197	0.0	0.0
